# This file uses centimeters as units for non-parametric coordinates.

mtllib banana_leaf.mtl
g default
v -4.233241 0.298503 1.078050
v -2.906066 0.707437 1.363100
v 0.386722 1.012676 1.490278
v 2.212064 0.487929 1.163482
v 3.180506 0.144100 0.799789
v -5.241454 0.086625 0.593224
v -2.969467 0.293881 0.682344
v 0.383632 0.562478 0.791049
v 2.288576 0.283872 0.549666
v 4.158009 0.022179 0.322136
v -5.533229 0.022691 0.002722
v -2.985638 0.209214 -0.000096
v 0.370313 0.477810 -0.001799
v 2.516526 0.226180 0.002044
v 4.752417 0.012453 -0.004046
v -5.254185 0.208632 -0.580045
v -2.970617 0.394664 -0.669752
v 0.347486 0.769947 -0.850401
v 2.261206 0.324954 -0.528425
v 4.157952 0.097767 -0.389020
v -4.170486 0.415693 -1.155023
v -2.902451 0.695557 -1.362952
v 0.345130 1.038028 -1.550153
v 2.150701 0.669294 -1.203534
v 3.232628 0.347109 -0.852463
v -3.957043 0.280127 0.923436
v -3.682276 0.478735 1.233026
v -2.939894 0.477013 1.041973
v -4.210421 0.118404 0.609648
v -4.728932 0.138496 0.860331
v -1.288057 0.630162 1.146547
v -1.288518 1.000690 1.466095
v 0.386243 0.744288 1.163339
v -1.281366 0.431183 0.774115
v 1.461554 0.685132 1.019456
v 1.464346 0.804302 1.377316
v 2.242066 0.340212 0.844128
v 1.450745 0.537887 0.661239
v 3.067921 0.121671 0.659719
v 2.797669 0.277963 0.963981
v 3.647364 0.086687 0.554319
v 3.322814 0.044107 0.411954
v -4.283434 0.036438 0.325330
v -2.970877 0.215361 0.365414
v -4.354995 0.036681 0.000484
v -5.457044 0.022462 0.301735
v -1.248159 0.391007 0.409267
v 0.368828 0.522302 0.429933
v -1.274831 0.346516 -0.001151
v 1.406750 0.462311 0.369291
v 2.456020 0.225967 0.277261
v 1.455379 0.456164 -0.000573
v 3.495215 0.027491 0.183686
v 4.481222 0.012424 0.139481
v 3.689917 0.027521 -0.000406
v -4.282809 0.112422 -0.319423
v -2.969207 0.283676 -0.364158
v -4.220358 0.223410 -0.590311
v -5.465961 0.098046 -0.289360
v -1.240830 0.416177 -0.417232
v 0.362468 0.561808 -0.448949
v -1.285156 0.543356 -0.782690
v 1.385741 0.531877 -0.377118
v 2.457636 0.284064 -0.261522
v 1.408276 0.648109 -0.693277
v 3.541556 0.044532 -0.188064
v 4.493832 0.022576 -0.172004
v 3.330241 0.113730 -0.431179
v -3.966927 0.386957 -0.918996
v -2.942165 0.561746 -1.029718
v -3.648668 0.499993 -1.259952
v -4.703809 0.361372 -0.907281
v -1.293925 0.715454 -1.159281
v 0.345167 0.916748 -1.227863
v -1.294885 0.897348 -1.508252
v 1.411657 0.803876 -1.057304
v 2.182485 0.446025 -0.856300
v 1.413233 0.941028 -1.401128
v 3.059926 0.225265 -0.711746
v 3.683690 0.207706 -0.647993
v 2.808848 0.397103 -1.016087
v -4.243837 0.350131 1.061118
v -4.739981 0.209594 0.840400
v -3.695621 0.546026 1.204183
v -3.971821 0.371958 0.887993
v -2.914207 0.767834 1.321261
v -2.949827 0.562941 0.993263
v -1.291418 1.055620 1.416019
v -1.292972 0.712237 1.091346
v 0.389116 1.072434 1.447856
v 0.386364 0.829867 1.113923
v 1.479236 0.870235 1.348632
v 1.479193 0.775671 0.983177
v 2.230781 0.555347 1.139454
v 2.267624 0.432739 0.818124
v 2.811590 0.348606 0.949053
v 3.085287 0.217894 0.643899
v -5.245783 0.159117 0.575858
v -5.458345 0.095949 0.292918
v -4.219625 0.214020 0.583066
v -4.291277 0.134756 0.313701
v -2.979137 0.387784 0.651165
v -2.981761 0.313527 0.353545
v -1.288242 0.525596 0.744779
v -1.256229 0.489736 0.398399
v 0.381265 0.657323 0.762552
v 0.366853 0.621207 0.419147
v 1.466470 0.632490 0.635725
v 1.418747 0.560441 0.360317
v 2.312533 0.378904 0.533035
v 2.476497 0.323312 0.277226
v 3.333498 0.141515 0.397296
v 3.506247 0.126306 0.185355
v -5.533927 0.096119 0.011680
v -5.466754 0.169124 -0.266739
v -4.361351 0.135100 0.011659
v -4.289780 0.207560 -0.290680
v -2.996076 0.307778 0.008089
v -2.978636 0.379194 -0.337362
v -1.282706 0.445493 0.003890
v -1.248484 0.511455 -0.389652
v 0.368289 0.576787 0.003488
v 0.359618 0.656444 -0.419287
v 1.468162 0.554303 0.007904
v 1.397570 0.627631 -0.353824
v 2.535527 0.323677 0.010759
v 2.478067 0.380942 -0.250765
v 3.697141 0.126791 0.004095
v 3.552281 0.142467 -0.174429
v -5.255502 0.277305 -0.551118
v -4.708049 0.432078 -0.888153
v -4.226591 0.315397 -0.552279
v -3.977092 0.481737 -0.891214
v -2.979199 0.486971 -0.632532
v -2.953213 0.654703 -0.995308
v -1.292564 0.635337 -0.744364
v -1.301661 0.807270 -1.120634
v 0.345860 0.861635 -0.811699
v 0.344340 1.009425 -1.191456
v 1.426591 0.740663 -0.662320
v 1.429771 0.894800 -1.021305
v 2.285236 0.419236 -0.508308
v 2.206215 0.535344 -0.819942
v 3.340008 0.209375 -0.406892
v 3.065917 0.314068 -0.668995
v 3.189618 0.197372 0.792837
v 3.654545 0.158009 0.540365
v 4.158620 0.094222 0.308683
v 4.482377 0.086926 0.138125
v 4.753135 0.087163 -0.002196
v 4.494880 0.095402 -0.159375
v 4.157885 0.167608 -0.363707
v -2.912558 0.765874 -1.341617
v -3.659360 0.572719 -1.249096
v -4.175799 0.469816 -1.148182
v 0.344847 1.107754 -1.524001
v -1.300660 0.966402 -1.480155
v 2.167184 0.734091 -1.171040
v 1.425794 1.008733 -1.373744
v 3.679675 0.271447 -0.610803
v 3.228876 0.391459 -0.820497
v 2.812000 0.458935 -0.976476
v -4.946563 0.010225 0.311646
v -4.257557 0.067113 0.468808
v -4.798377 0.083356 0.597920
v -5.378920 0.053080 0.449793
v -2.139471 0.306514 0.387990
v -1.261292 0.403788 0.594322
v -2.162610 0.365862 0.731132
v -2.970683 0.243480 0.524377
v 0.926822 0.518848 0.407457
v 1.422572 0.490430 0.516592
v 0.979164 0.578197 0.734184
v 0.375800 0.535083 0.614679
v 2.971292 0.109963 0.227194
v 3.408518 0.031325 0.294510
v 2.795470 0.145751 0.480494
v 2.370221 0.252808 0.413131
v -4.950586 0.086209 -0.303426
v -4.326904 0.068086 -0.164568
v -5.025651 0.010468 0.000877
v -5.515441 0.053939 -0.144484
v -2.134096 0.351823 -0.390638
v -1.256917 0.368974 -0.213152
v -2.157086 0.281195 -0.000597
v -2.978290 0.239341 -0.187841
v 0.910678 0.575626 -0.423945
v 1.423470 0.486291 -0.194407
v 0.955378 0.493529 -0.001478
v 0.367981 0.500269 -0.228207
v 3.000180 0.146725 -0.217174
v 3.645199 0.031447 -0.089672
v 3.092878 0.110085 0.001351
v 2.505688 0.253659 -0.131008
v -4.393601 0.355178 -0.906784
v -4.116273 0.305154 -0.745264
v -4.810661 0.197197 -0.582136
v -5.007200 0.290461 -0.742712
v -2.167237 0.634930 -1.095924
v -1.293925 0.624933 -0.967531
v -2.161714 0.462811 -0.725209
v -2.960257 0.476409 -0.843235
v 0.942288 0.903264 -1.162094
v 1.413108 0.724316 -0.868555
v 0.936375 0.751381 -0.788987
v 0.345167 0.850682 -1.040614
v 2.622782 0.309470 -0.774243
v 3.200622 0.161681 -0.563924
v 2.787407 0.196294 -0.471270
v 2.208836 0.370422 -0.682476
v -3.503508 0.379987 0.979319
v -3.364539 0.584623 1.301961
v -4.101865 0.190476 0.760562
v -3.626428 0.199987 0.639819
v -2.957766 0.373510 0.857311
v -5.009350 0.105599 0.728993
v -0.404875 0.698374 1.172502
v -0.404966 1.042629 1.492449
v -1.288057 0.503144 0.959047
v -0.401248 0.505098 0.799223
v 0.386243 0.634439 0.974838
v 1.860669 0.524297 0.933756
v 1.864723 0.644418 1.275506
v 1.460803 0.608680 0.830453
v 1.863775 0.427181 0.604824
v 2.254681 0.305488 0.689739
v 3.411895 0.084682 0.595759
v 3.368648 0.106900 0.697695
v 3.014918 0.185528 0.875834
v 3.206539 0.072226 0.527451
v 3.808966 0.010225 0.358695
v 3.920475 0.052728 0.430540
v -3.655201 0.115076 0.343890
v -4.328209 0.026213 0.166503
v -3.696632 0.115319 0.000211
v -2.979514 0.202580 0.187455
v -5.511122 0.012265 0.152087
v -0.384112 0.471312 0.426891
v -1.262292 0.362888 0.208549
v -0.402727 0.420430 -0.001621
v 0.368797 0.494183 0.221010
v 1.925494 0.354050 0.325260
v 1.433745 0.449530 0.192115
v 1.973228 0.354293 0.001002
v 2.502379 0.217020 0.139183
v 4.051695 -0.000000 0.155362
v 4.329995 0.012198 0.224887
v 3.614469 0.026213 0.088046
v 4.295279 -0.000000 -0.002555
v 4.656479 0.012500 0.066608
v -3.653896 0.191060 -0.340043
v -4.261581 0.161681 -0.454851
v -3.631920 0.302048 -0.622151
v -2.970124 0.332935 -0.517427
v -5.392990 0.147052 -0.431738
v -0.381671 0.497415 -0.441691
v -1.258851 0.474038 -0.603168
v -0.420890 0.673170 -0.836361
v 0.354445 0.662678 -0.654764
v 1.910442 0.423569 -0.318907
v 1.389915 0.584889 -0.536436
v 1.825691 0.490762 -0.604425
v 2.360141 0.301998 -0.391051
v 4.085248 0.010468 -0.176394
v 4.665689 0.012310 -0.082790
v 3.440228 0.073321 -0.303896
v 3.815657 0.086209 -0.406371
v 4.334383 0.053754 -0.274065
v -3.512588 0.467451 -0.965358
v -3.789915 0.448859 -1.110794
v -3.348685 0.591404 -1.307173
v -2.919462 0.634252 -1.221041
v -4.395786 0.390199 -1.061297
v -3.943745 0.434969 -1.210745
v -0.428347 0.831769 -1.215093
v -1.293925 0.811607 -1.359529
v -0.428947 0.987369 -1.550650
v 0.345167 0.980010 -1.414610
v -2.168618 0.798808 -1.437832
v 1.801917 0.631145 -0.953014
v 1.411174 0.877155 -1.254557
v 1.802693 0.817966 -1.303144
v 2.161608 0.559383 -1.052991
v 0.943285 1.018482 -1.491888
v 3.431038 0.197197 -0.673715
v 3.935151 0.146537 -0.516917
v 2.916713 0.312576 -0.884261
v 3.057738 0.357564 -0.928004
v 3.421279 0.288916 -0.772487
v 2.496294 0.515010 -1.107889
v -4.245853 0.321651 1.078597
v -4.843604 0.153012 0.843685
v -3.648765 0.540045 1.264349
v -1.289900 1.083869 1.487239
v -2.905051 0.770078 1.388829
v 1.471973 0.851688 1.415806
v 0.388158 1.081319 1.516577
v 2.764684 0.335720 1.002496
v 2.216253 0.543485 1.199033
v -5.390805 0.119992 0.584150
v -5.627336 0.059171 0.294497
v -5.702355 0.059359 0.007346
v -5.637663 0.133558 -0.274531
v -5.402284 0.242935 -0.566461
v -4.808750 0.394799 -0.899049
v 3.168678 0.156443 0.811047
v 3.728541 0.118915 0.533957
v 4.274027 0.058042 0.303698
v 4.624290 0.049698 0.133301
v 4.904781 0.049810 -0.003827
v 4.629888 0.058899 -0.164736
v 4.271427 0.132441 -0.371301
v -3.606612 0.549492 -1.305764
v -2.901433 0.747294 -1.401199
v -4.170448 0.434833 -1.172235
v -1.297763 0.956636 -1.545421
v 0.345021 1.088361 -1.583791
v 1.419411 0.992373 -1.437829
v 2.154261 0.734556 -1.238913
v 3.765458 0.239234 -0.622426
v 3.221102 0.386442 -0.843060
v 2.774198 0.452335 -1.041845
v -4.460209 0.284109 0.969079
v -4.012645 0.438449 1.127707
v -3.817886 0.474622 1.062588
v -4.414556 0.284036 0.855468
v -2.930618 0.681579 1.175448
v -2.173522 0.924325 1.372955
v -1.292287 0.899292 1.270972
v -2.174442 0.641699 1.047092
v 0.388157 0.967176 1.299229
v 0.999386 0.993383 1.415309
v 1.480686 0.838458 1.185483
v 0.997703 0.837458 1.061144
v 2.249600 0.501592 0.993938
v 2.543038 0.441184 1.039699
v 2.933744 0.293529 0.809686
v 2.683809 0.301009 0.727688
v -5.381273 0.126146 0.435539
v -4.805741 0.179656 0.573510
v -4.265788 0.164325 0.448693
v -4.950977 0.108391 0.299985
v -2.980977 0.340046 0.502778
v -2.171016 0.459848 0.700482
v -1.268931 0.501217 0.575205
v -2.149459 0.404920 0.376597
v 0.373451 0.632602 0.595682
v 0.985313 0.672948 0.706489
v 1.436205 0.587077 0.498946
v 0.931468 0.617460 0.396837
v 2.392430 0.349154 0.404774
v 2.814105 0.242133 0.465858
v 3.419200 0.129453 0.287925
v 2.988416 0.207943 0.229058
v -5.516156 0.126403 -0.127943
v -5.028847 0.108616 0.012653
v -4.333558 0.165148 -0.143765
v -4.954290 0.181125 -0.273787
v -2.988270 0.336654 -0.169793
v -2.166815 0.379961 0.005795
v -1.264678 0.466367 -0.196603
v -2.142981 0.447317 -0.363835
v 0.365434 0.597309 -0.210370
v 0.960523 0.592161 0.005387
v 1.435338 0.583448 -0.177826
v 0.914693 0.670692 -0.396195
v 2.525016 0.350988 -0.121326
v 3.106867 0.208396 0.008112
v 3.653857 0.130182 -0.081268
v 3.017110 0.244283 -0.206235
v -5.009797 0.359708 -0.717196
v -4.814384 0.288936 -0.543746
v -4.124038 0.398124 -0.710596
v -4.401332 0.449830 -0.880660
v -2.969799 0.568740 -0.806232
v -2.170065 0.555009 -0.687616
v -1.301481 0.716580 -0.928317
v -2.176972 0.727057 -1.058674
v 0.344017 0.942649 -1.002474
v 0.944519 0.843361 -0.753177
v 1.432016 0.815872 -0.834644
v 0.950761 0.995290 -1.126084
v 2.233156 0.462265 -0.654059
v 2.805380 0.291615 -0.450717
v 3.208513 0.254287 -0.530507
v 2.638855 0.398758 -0.735259
v -3.375524 0.648778 1.266853
v -3.516266 0.468977 0.937077
v -2.967377 0.463546 0.816581
v -3.636381 0.294619 0.610489
v -4.113685 0.284161 0.728826
v -5.016930 0.177431 0.710069
v -0.405845 1.099084 1.444539
v -0.408282 0.781543 1.118807
v 0.384818 0.724831 0.935164
v -0.407034 0.599813 0.770392
v -1.293940 0.591804 0.916387
v 1.882941 0.711293 1.249556
v 1.884293 0.615862 0.902728
v 2.279766 0.399304 0.667654
v 1.886099 0.521749 0.583782
v 1.477627 0.701184 0.798529
v 3.028315 0.257417 0.866278
v 3.379756 0.178833 0.688017
v 3.424497 0.180615 0.579235
v 3.923742 0.124097 0.415112
v 3.813390 0.107129 0.342393
v 3.220366 0.169109 0.511194
v -3.665286 0.213304 0.332067
v -2.990350 0.301420 0.185592
v -3.705674 0.213823 0.010091
v -4.335194 0.124992 0.166085
v -5.511943 0.085954 0.151799
v -0.389919 0.570232 0.416125
v 0.366947 0.593678 0.217538
v -0.408562 0.519500 0.003055
v -1.270355 0.462222 0.205092
v 1.943516 0.451601 0.320713
v 2.521775 0.314635 0.144749
v 1.991228 0.451894 0.010192
v 1.446016 0.548075 0.191961
v 4.330457 0.085510 0.217504
v 4.056965 0.099215 0.155260
v 4.657506 0.087434 0.067099
v 4.298243 0.099602 0.000552
v 3.623416 0.125459 0.091857
v -3.662733 0.286429 -0.312424
v -2.978879 0.426544 -0.483925
v -3.639786 0.394254 -0.584647
v -4.267982 0.254759 -0.419579
v -5.393844 0.216601 -0.404381
v -0.387863 0.592264 -0.412621
v 0.352077 0.755393 -0.618517
v -0.426878 0.764919 -0.797243
v -1.266339 0.567370 -0.568524
v 1.928457 0.519886 -0.302654
v 2.382507 0.397909 -0.376817
v 1.849568 0.584103 -0.579770
v 1.404881 0.678976 -0.508684
v 4.666560 0.086242 -0.076383
v 4.090275 0.108049 -0.160707
v 4.335203 0.125372 -0.255082
v 3.819127 0.180646 -0.376730
v 3.451131 0.170483 -0.285585
v -3.523819 0.561479 -0.934459
v -2.931975 0.727713 -1.190045
v -3.359751 0.662956 -1.291310
v -3.802527 0.545034 -1.090813
v -3.952422 0.508417 -1.202881
v -4.401573 0.462683 -1.049527
v -0.433846 0.924072 -1.177267
v 0.344618 1.072951 -1.379261
v -0.432639 1.056820 -1.523135
v -1.301673 0.903579 -1.321570
v -2.176747 0.868222 -1.412107
v 1.825722 0.721088 -0.917274
v 2.184363 0.646820 -1.011826
v 1.819234 0.884235 -1.273583
v 1.428473 0.967648 -1.217954
v 0.949328 1.087482 -1.465710
v 3.933287 0.213562 -0.485449
v 3.429676 0.284011 -0.626918
v 3.415319 0.349473 -0.730267
v 3.054430 0.417453 -0.884918
v 2.921492 0.397565 -0.834922
v 2.507178 0.578403 -1.071927
v -4.399464 0.190249 0.885344
v -3.801107 0.384155 1.100156
v -3.997996 0.369408 1.152343
v -4.446523 0.213809 0.990472
v -2.167237 0.558390 1.100376
v -1.288057 0.822732 1.334047
v -2.168139 0.867542 1.420395
v -2.920171 0.599035 1.229026
v 0.989232 0.749168 1.104154
v 1.461804 0.749561 1.223472
v 0.990752 0.930144 1.450403
v 0.386243 0.885349 1.353842
v 2.661231 0.206426 0.747646
v 2.915190 0.198432 0.827476
v 2.526549 0.372270 1.059752
v 2.224264 0.410598 1.023611
v -4.188173 0.372698 1.006946
v -2.174351 0.798674 1.227815
v 0.999438 0.931973 1.257642
v 2.607612 0.379265 0.897415
v -4.898614 0.138286 0.437399
v -2.158039 0.423891 0.540419
v 0.954133 0.636428 0.554671
v 2.899448 0.222559 0.345738
v -5.003954 0.138688 -0.132798
v -2.154471 0.404888 -0.183629
v 0.938398 0.616896 -0.199214
v 3.085888 0.223846 -0.097463
v -4.634529 0.371624 -0.704889
v -2.176149 0.636446 -0.867081
v 0.951006 0.924245 -0.937164
v 2.716380 0.332861 -0.583653
v -3.438582 0.575572 1.119564
v -3.586156 0.372710 0.766559
v -4.632400 0.223964 0.711928
v -0.406934 0.955871 1.299224
v -0.409666 0.665066 0.943249
v -2.174907 0.530604 0.870344
v 1.885683 0.674827 1.093771
v 1.880954 0.565771 0.733310
v 0.996415 0.745537 0.876369
v 3.202020 0.230068 0.736233
v 3.634976 0.137137 0.451054
v 2.747433 0.261791 0.588505
v -3.655068 0.242552 0.471344
v -3.690104 0.203669 0.175598
v -5.002788 0.098509 0.157659
v -0.396336 0.579160 0.598077
v -0.400129 0.540158 0.214358
v -2.158765 0.385124 0.195463
v 1.910160 0.480990 0.452412
v 1.976549 0.441693 0.170200
v 0.945906 0.597527 0.208907
v 3.939671 0.098083 0.243957
v 4.208420 0.099736 0.075816
v 3.065966 0.203158 0.116734
v -3.688148 0.243939 -0.156301
v -3.654636 0.333705 -0.447127
v -4.906035 0.228322 -0.405408
v -0.396817 0.538820 -0.207508
v -0.404672 0.673980 -0.607577
v -2.153594 0.494662 -0.525849
v 1.969522 0.482834 -0.149988
v 1.885061 0.548425 -0.440118
v 0.924574 0.752512 -0.576852
v 4.230642 0.098768 -0.075607
v 3.961798 0.138257 -0.262799
v 2.914616 0.264481 -0.324449
v -3.594111 0.476564 -0.749224
v -3.435116 0.629843 -1.133953
v -4.149653 0.497000 -1.062886
v -0.434119 0.846037 -0.986486
v -0.433512 1.005761 -1.371548
v -2.177661 0.814927 -1.256827
v 1.832217 0.642573 -0.738999
v 1.822798 0.816901 -1.114062
v 0.950513 1.056622 -1.317208
v 3.636176 0.226465 -0.497349
v 3.216357 0.361578 -0.767701
v 2.564045 0.499843 -0.917538
v -4.170191 0.279985 1.038675
v -2.167237 0.720104 1.287876
v 0.989232 0.846211 1.303665
v 2.585022 0.286198 0.921081
v -4.893208 0.040900 0.456784
v -2.148727 0.326964 0.560900
v 0.948959 0.539298 0.573784
v 2.881607 0.125301 0.352145
v -5.000536 0.041874 -0.154450
v -2.145143 0.307487 -0.200598
v 0.934105 0.519822 -0.217123
v 3.070799 0.125788 -0.105924
v -4.629148 0.278942 -0.739062
v -2.167237 0.544555 -0.905425
v 0.942288 0.832453 -0.973593
v 2.699181 0.240319 -0.613405
v -3.424614 0.488778 1.165030
v -3.574993 0.280894 0.803169
v -4.621328 0.128922 0.739599
v -0.404875 0.877669 1.360002
v -0.404875 0.575780 0.985002
v -2.167237 0.441657 0.912876
v 1.861669 0.584705 1.127264
v 1.857668 0.472747 0.760260
v 0.989232 0.653991 0.912650
v 3.186011 0.134226 0.750600
v 3.627036 0.040900 0.469168
v 2.726696 0.166201 0.606555
v -3.645172 0.145751 0.492509
v -3.680497 0.104851 0.176610
v -4.999186 -0.000000 0.157960
v -0.390366 0.481537 0.616887
v -0.394368 0.440637 0.218136
v -2.148727 0.286064 0.198212
v 1.890101 0.384725 0.465494
v 1.958805 0.343825 0.167109
v 0.940956 0.498398 0.211209
v 3.935216 -0.000000 0.252201
v 4.204313 -0.000000 0.073849
v 3.050712 0.104851 0.111326
v -3.679183 0.146725 -0.175764
v -3.646522 0.240319 -0.481349
v -4.902551 0.135468 -0.441456
v -0.390785 0.441610 -0.224619
v -0.398519 0.581081 -0.643666
v -2.145143 0.401082 -0.559561
v 1.951955 0.385699 -0.163102
v 1.864143 0.453433 -0.460117
v 0.918636 0.659293 -0.610169
v 4.226805 0.000000 -0.084070
v 3.956964 0.041874 -0.285224
v 2.896728 0.167661 -0.339074
v -3.584956 0.383793 -0.784918
v -3.421777 0.534919 -1.159179
v -4.139612 0.400381 -1.079849
v -0.428347 0.754242 -1.025593
v -0.428347 0.913225 -1.408590
v -2.167237 0.722548 -1.292419
v 1.807718 0.551030 -0.769521
v 1.799983 0.728017 -1.152509
v 0.942288 0.964570 -1.352595
v 3.635025 0.135468 -0.535647
v 3.219661 0.278942 -0.821239
v 2.548940 0.413479 -0.962543
v -4.544761 0.223165 0.965430
v -3.947367 0.429791 1.179096
v -2.170842 0.941449 1.442951
v 0.995314 0.985987 1.483591
v 2.514285 0.431392 1.096552
v -5.541492 0.089620 0.441191
v -5.686983 0.090134 -0.133743
v -5.134052 0.325018 -0.732613
v -3.349509 0.644875 1.331777
v -5.141897 0.129872 0.717453
v -0.405240 1.122219 1.514787
v 1.873884 0.693886 1.313202
v 2.964150 0.234581 0.913603
v 3.434264 0.129773 0.676003
v 4.019142 0.088210 0.410397
v -5.681714 0.049061 0.149987
v 4.461154 0.048791 0.212234
v 4.807201 0.050000 0.064194
v -5.556458 0.181803 -0.416269
v 4.811924 0.049240 -0.079503
v 4.459929 0.089396 -0.261428
v -3.329476 0.642113 -1.350134
v -3.882567 0.479360 -1.251962
v -4.483362 0.419024 -1.050094
v -0.430748 1.042962 -1.585833
v -2.172761 0.855107 -1.475085
v 1.810821 0.877315 -1.340056
v 0.946275 1.067110 -1.526765
v 4.033758 0.179744 -0.496078
v 3.485063 0.318839 -0.737013
v 3.002109 0.409925 -0.943791
v 2.483484 0.576721 -1.139864
vt 0.000000 0.000000
vt 0.000000 0.000000
vt 0.250000 0.000000
vt 0.250000 0.000000
vt 0.500000 0.000000
vt 0.500000 0.000000
vt 0.750000 0.000000
vt 0.750000 0.000000
vt 1.000000 0.000000
vt 1.000000 0.000000
vt 0.000000 0.250000
vt 0.000000 0.250000
vt 0.250187 0.250257
vt 0.499835 0.249927
vt 0.749615 0.250248
vt 1.000000 0.250000
vt 1.000000 0.250000
vt 0.000000 0.500000
vt 0.000000 0.500000
vt 0.250390 0.500010
vt 0.499633 0.500032
vt 0.749288 0.499993
vt 1.000000 0.500000
vt 1.000000 0.500000
vt 0.000000 0.750000
vt 0.000000 0.750000
vt 0.250145 0.749704
vt 0.499798 0.750104
vt 0.749639 0.749715
vt 1.000000 0.750000
vt 1.000000 0.750000
vt 0.000000 1.000000
vt 0.000000 1.000000
vt 0.250000 1.000000
vt 0.250000 1.000000
vt 0.500000 1.000000
vt 0.500000 1.000000
vt 0.750000 1.000000
vt 0.750000 1.000000
vt 1.000000 1.000000
vt 1.000000 1.000000
vt 0.125290 0.132794
vt 0.125000 0.000000
vt 0.125000 0.000000
vt 0.250048 0.126299
vt 0.125629 0.251580
vt 0.000000 0.125000
vt 0.000000 0.125000
vt 0.375000 0.125000
vt 0.375000 0.000000
vt 0.375000 0.000000
vt 0.500000 0.125000
vt 0.375495 0.249963
vt 0.625000 0.125000
vt 0.625000 0.000000
vt 0.625000 0.000000
vt 0.749967 0.126128
vt 0.623514 0.249602
vt 0.874799 0.131767
vt 0.875000 0.000000
vt 0.875000 0.000000
vt 1.000000 0.125000
vt 1.000000 0.125000
vt 0.874176 0.251884
vt 0.128482 0.376688
vt 0.251075 0.375244
vt 0.126252 0.500043
vt 0.000000 0.375000
vt 0.000000 0.375000
vt 0.377968 0.374777
vt 0.499008 0.374564
vt 0.376085 0.500016
vt 0.616083 0.372610
vt 0.747724 0.375357
vt 0.621712 0.500175
vt 0.870259 0.379535
vt 1.000000 0.375000
vt 1.000000 0.375000
vt 0.874014 0.499781
vt 0.129032 0.623570
vt 0.251262 0.624815
vt 0.125279 0.748173
vt 0.000000 0.625000
vt 0.000000 0.625000
vt 0.378542 0.625321
vt 0.498789 0.625626
vt 0.375590 0.750053
vt 0.614190 0.628438
vt 0.748003 0.624598
vt 0.623198 0.750573
vt 0.873825 0.619153
vt 1.000000 0.625000
vt 1.000000 0.625000
vt 0.874635 0.747716
vt 0.122643 0.865469
vt 0.249607 0.873412
vt 0.125000 1.000000
vt 0.125000 1.000000
vt 0.000000 0.875000
vt 0.000000 0.875000
vt 0.375000 0.875000
vt 0.500000 0.875000
vt 0.375000 1.000000
vt 0.375000 1.000000
vt 0.625000 0.875000
vt 0.749831 0.873690
vt 0.625000 1.000000
vt 0.625000 1.000000
vt 0.873986 0.867142
vt 1.000000 0.875000
vt 1.000000 0.875000
vt 0.875000 1.000000
vt 0.875000 1.000000
vt 0.027792 0.028163
vt 0.015673 0.126299
vt 0.125048 0.016924
vt 0.125290 0.132794
vt 0.250008 0.015842
vt 0.250048 0.126299
vt 0.375000 0.015625
vt 0.375000 0.125000
vt 0.500000 0.015625
vt 0.500000 0.125000
vt 0.625000 0.015625
vt 0.625000 0.125000
vt 0.749994 0.015813
vt 0.749967 0.126128
vt 0.874967 0.016753
vt 0.874799 0.131767
vt 0.015730 0.250263
vt 0.016205 0.375281
vt 0.125629 0.251580
vt 0.128482 0.376688
vt 0.250187 0.250257
vt 0.251075 0.375244
vt 0.375495 0.249963
vt 0.377968 0.374777
vt 0.499835 0.249927
vt 0.499008 0.374564
vt 0.623514 0.249602
vt 0.616083 0.372610
vt 0.749615 0.250248
vt 0.747724 0.375357
vt 0.874176 0.251884
vt 0.870259 0.379535
vt 0.015834 0.500007
vt 0.016297 0.624762
vt 0.126252 0.500043
vt 0.129032 0.623570
vt 0.250390 0.500010
vt 0.251262 0.624815
vt 0.376085 0.500016
vt 0.378542 0.625321
vt 0.499633 0.500032
vt 0.498789 0.625626
vt 0.621712 0.500175
vt 0.614190 0.628438
vt 0.749288 0.499993
vt 0.748003 0.624599
vt 0.874014 0.499781
vt 0.873825 0.619153
vt 0.015672 0.749696
vt 0.015232 0.873412
vt 0.125279 0.748173
vt 0.122643 0.865469
vt 0.250145 0.749704
vt 0.249607 0.873412
vt 0.375590 0.750053
vt 0.375000 0.875000
vt 0.499798 0.750104
vt 0.500000 0.875000
vt 0.623198 0.750573
vt 0.625000 0.875000
vt 0.749639 0.749715
vt 0.749831 0.873690
vt 0.874635 0.747716
vt 0.873986 0.867142
vt 0.972212 0.028112
vt 0.984342 0.126128
vt 0.984238 0.250314
vt 0.983585 0.375756
vt 0.984211 0.499964
vt 0.984179 0.624025
vt 0.984314 0.749619
vt 0.249935 0.984110
vt 0.124607 0.982787
vt 0.027661 0.971752
vt 0.500000 0.984375
vt 0.375000 0.984375
vt 0.749972 0.984157
vt 0.625000 0.984375
vt 0.984206 0.873690
vt 0.972172 0.971834
vt 0.874831 0.983065
vt 0.062629 0.065964
vt 0.312500 0.062500
vt 0.562500 0.062500
vt 0.812411 0.065508
vt 0.064047 0.313250
vt 0.313819 0.312401
vt 0.558537 0.311438
vt 0.810393 0.314516
vt 0.064292 0.561865
vt 0.314074 0.562643
vt 0.557696 0.564028
vt 0.811978 0.559901
vt 0.061452 0.808264
vt 0.312500 0.812500
vt 0.562500 0.812500
vt 0.812050 0.809008
vt 0.187629 0.065964
vt 0.187629 0.190964
vt 0.062629 0.190964
vt 0.437500 0.062500
vt 0.437500 0.187500
vt 0.312500 0.187500
vt 0.687500 0.062500
vt 0.687500 0.187500
vt 0.562500 0.187500
vt 0.937411 0.065508
vt 0.937411 0.190508
vt 0.812411 0.190508
vt 0.189047 0.313250
vt 0.189047 0.438250
vt 0.064047 0.438250
vt 0.438819 0.312401
vt 0.438819 0.437401
vt 0.313819 0.437401
vt 0.683537 0.311438
vt 0.683537 0.436438
vt 0.558537 0.436438
vt 0.935393 0.314516
vt 0.935393 0.439516
vt 0.810393 0.439516
vt 0.189292 0.561865
vt 0.189292 0.686865
vt 0.064292 0.686865
vt 0.439074 0.562643
vt 0.439074 0.687643
vt 0.314074 0.687643
vt 0.682696 0.564028
vt 0.682696 0.689028
vt 0.557696 0.689028
vt 0.936978 0.559901
vt 0.936978 0.684901
vt 0.811978 0.684901
vt 0.186452 0.808264
vt 0.186452 0.933264
vt 0.061452 0.933264
vt 0.437500 0.812500
vt 0.437500 0.937500
vt 0.312500 0.937500
vt 0.687500 0.812500
vt 0.687500 0.937500
vt 0.562500 0.937500
vt 0.937050 0.809008
vt 0.937050 0.934008
vt 0.812050 0.934008
vt 0.062629 0.065964
vt 0.312500 0.062500
vt 0.562500 0.062500
vt 0.812411 0.065508
vt 0.064047 0.313250
vt 0.313819 0.312401
vt 0.558537 0.311438
vt 0.810393 0.314516
vt 0.064292 0.561865
vt 0.314074 0.562643
vt 0.557696 0.564028
vt 0.811978 0.559901
vt 0.061452 0.808264
vt 0.312500 0.812500
vt 0.562500 0.812500
vt 0.812050 0.809008
vt 0.187629 0.065964
vt 0.187629 0.190964
vt 0.062629 0.190964
vt 0.437500 0.062500
vt 0.437500 0.187500
vt 0.312500 0.187500
vt 0.687500 0.062500
vt 0.687500 0.187500
vt 0.562500 0.187500
vt 0.937411 0.065508
vt 0.937411 0.190508
vt 0.812411 0.190508
vt 0.189047 0.313250
vt 0.189047 0.438250
vt 0.064047 0.438250
vt 0.438819 0.312401
vt 0.438819 0.437401
vt 0.313819 0.437401
vt 0.683537 0.311438
vt 0.683537 0.436438
vt 0.558537 0.436438
vt 0.935393 0.314516
vt 0.935393 0.439516
vt 0.810393 0.439516
vt 0.189292 0.561865
vt 0.189292 0.686865
vt 0.064292 0.686865
vt 0.439074 0.562643
vt 0.439074 0.687643
vt 0.314074 0.687643
vt 0.682696 0.564028
vt 0.682696 0.689028
vt 0.557696 0.689028
vt 0.936978 0.559901
vt 0.936978 0.684901
vt 0.811978 0.684901
vt 0.186452 0.808264
vt 0.186452 0.933264
vt 0.061452 0.933264
vt 0.437500 0.812500
vt 0.437500 0.937500
vt 0.312500 0.937500
vt 0.687500 0.812500
vt 0.687500 0.937500
vt 0.562500 0.937500
vt 0.937050 0.809008
vt 0.937050 0.934008
vt 0.812050 0.934008
vt 0.000000 0.062500
vt 0.062500 0.000000
vt 0.312500 0.000000
vt 0.562500 0.000000
vt 0.812500 0.000000
vt 0.000000 0.312500
vt 0.000000 0.562500
vt 0.000000 0.812500
vt 0.187500 0.000000
vt 0.000000 0.187500
vt 0.437500 0.000000
vt 0.687500 0.000000
vt 0.937500 0.000000
vt 1.000000 0.062500
vt 1.000000 0.187500
vt 0.000000 0.437500
vt 1.000000 0.312500
vt 1.000000 0.437500
vt 0.000000 0.687500
vt 1.000000 0.562500
vt 1.000000 0.687500
vt 0.187500 1.000000
vt 0.062500 1.000000
vt 0.000000 0.937500
vt 0.437500 1.000000
vt 0.312500 1.000000
vt 0.687500 1.000000
vt 0.562500 1.000000
vt 1.000000 0.812500
vt 1.000000 0.937500
vt 0.937500 1.000000
vt 0.812500 1.000000
vt 0.015657 0.063366
vt 0.062532 0.016491
vt 0.125194 0.067696
vt 0.062694 0.130196
vt 0.250032 0.063366
vt 0.312500 0.015625
vt 0.375000 0.062500
vt 0.312500 0.125000
vt 0.500000 0.062500
vt 0.562500 0.015625
vt 0.625000 0.062500
vt 0.562500 0.125000
vt 0.749978 0.063252
vt 0.812478 0.016377
vt 0.874866 0.067011
vt 0.812366 0.129511
vt 0.016012 0.312688
vt 0.062919 0.251054
vt 0.127321 0.313625
vt 0.064821 0.376125
vt 0.250717 0.312663
vt 0.312830 0.249975
vt 0.376978 0.312351
vt 0.314478 0.374851
vt 0.499339 0.312210
vt 0.561509 0.249734
vt 0.619056 0.310906
vt 0.556556 0.373406
vt 0.748483 0.312738
vt 0.811951 0.251256
vt 0.871840 0.315523
vt 0.809340 0.378023
vt 0.016073 0.562341
vt 0.063335 0.500029
vt 0.127688 0.561547
vt 0.065188 0.624047
vt 0.250841 0.562377
vt 0.313223 0.500011
vt 0.377361 0.562714
vt 0.314861 0.625214
vt 0.499192 0.562918
vt 0.560308 0.500116
vt 0.617794 0.564792
vt 0.555294 0.627292
vt 0.748668 0.562232
vt 0.811843 0.499854
vt 0.874217 0.558602
vt 0.811717 0.621102
vt 0.015363 0.811441
vt 0.062686 0.748782
vt 0.123429 0.806146
vt 0.060929 0.868646
vt 0.249738 0.811441
vt 0.312894 0.750036
vt 0.375000 0.812500
vt 0.312500 0.875000
vt 0.500000 0.812500
vt 0.561299 0.750382
vt 0.625000 0.812500
vt 0.562500 0.875000
vt 0.749887 0.811627
vt 0.812257 0.748477
vt 0.874324 0.807261
vt 0.811824 0.869761
vt 0.187532 0.016491
vt 0.187694 0.130196
vt 0.250032 0.188366
vt 0.187919 0.251054
vt 0.125194 0.192696
vt 0.015657 0.188366
vt 0.437500 0.015625
vt 0.437500 0.125000
vt 0.500000 0.187500
vt 0.437830 0.249975
vt 0.375000 0.187500
vt 0.687500 0.015625
vt 0.687500 0.125000
vt 0.749978 0.188252
vt 0.686509 0.249734
vt 0.625000 0.187500
vt 0.937478 0.016377
vt 0.984353 0.063252
vt 0.937366 0.129511
vt 0.984353 0.188252
vt 0.936951 0.251256
vt 0.874866 0.192011
vt 0.189821 0.376125
vt 0.250717 0.437663
vt 0.188335 0.500029
vt 0.127321 0.438625
vt 0.016012 0.437688
vt 0.439478 0.374851
vt 0.499339 0.437210
vt 0.438223 0.500011
vt 0.376978 0.437351
vt 0.681556 0.373406
vt 0.748483 0.437738
vt 0.685308 0.500116
vt 0.619056 0.435906
vt 0.983848 0.313004
vt 0.934340 0.378023
vt 0.983848 0.438004
vt 0.936843 0.499854
vt 0.871840 0.440523
vt 0.190188 0.624047
vt 0.250841 0.687377
vt 0.187686 0.748782
vt 0.127688 0.686547
vt 0.016073 0.687341
vt 0.439861 0.625214
vt 0.499192 0.687918
vt 0.437894 0.750036
vt 0.377361 0.687714
vt 0.680294 0.627292
vt 0.748668 0.687232
vt 0.686299 0.750382
vt 0.617794 0.689792
vt 0.984244 0.561850
vt 0.936717 0.621102
vt 0.984244 0.686850
vt 0.937257 0.748477
vt 0.874217 0.683602
vt 0.185929 0.868646
vt 0.249738 0.936441
vt 0.187238 0.983316
vt 0.123429 0.931146
vt 0.062238 0.983316
vt 0.015363 0.936441
vt 0.437500 0.875000
vt 0.500000 0.937500
vt 0.437500 0.984375
vt 0.375000 0.937500
vt 0.312500 0.984375
vt 0.687500 0.875000
vt 0.749887 0.936627
vt 0.687500 0.984375
vt 0.625000 0.937500
vt 0.562500 0.984375
vt 0.984262 0.811627
vt 0.936824 0.869761
vt 0.984262 0.936627
vt 0.937387 0.983502
vt 0.874324 0.932261
vt 0.812387 0.983502
vt 0.062694 0.130196
vt 0.125194 0.067696
vt 0.062500 0.000000
vt 0.062500 0.000000
vt 0.000000 0.062500
vt 0.000000 0.062500
vt 0.312500 0.125000
vt 0.375000 0.062500
vt 0.312500 0.000000
vt 0.312500 0.000000
vt 0.250032 0.063366
vt 0.562500 0.125000
vt 0.625000 0.062500
vt 0.562500 0.000000
vt 0.562500 0.000000
vt 0.500000 0.062500
vt 0.812366 0.129511
vt 0.874866 0.067011
vt 0.812500 0.000000
vt 0.812500 0.000000
vt 0.749978 0.063252
vt 0.064821 0.376125
vt 0.127321 0.313625
vt 0.062919 0.251054
vt 0.000000 0.312500
vt 0.000000 0.312500
vt 0.314478 0.374851
vt 0.376978 0.312351
vt 0.312830 0.249975
vt 0.250717 0.312663
vt 0.556556 0.373406
vt 0.619056 0.310906
vt 0.561509 0.249734
vt 0.499339 0.312210
vt 0.809340 0.378023
vt 0.871840 0.315523
vt 0.811951 0.251256
vt 0.748483 0.312738
vt 0.065188 0.624047
vt 0.127688 0.561547
vt 0.063335 0.500029
vt 0.000000 0.562500
vt 0.000000 0.562500
vt 0.314861 0.625214
vt 0.377361 0.562714
vt 0.313223 0.500011
vt 0.250841 0.562377
vt 0.555294 0.627292
vt 0.617794 0.564792
vt 0.560308 0.500116
vt 0.499192 0.562918
vt 0.811717 0.621102
vt 0.874217 0.558602
vt 0.811843 0.499854
vt 0.748668 0.562232
vt 0.060929 0.868646
vt 0.123429 0.806146
vt 0.062686 0.748782
vt 0.000000 0.812500
vt 0.000000 0.812500
vt 0.312500 0.875000
vt 0.375000 0.812500
vt 0.312894 0.750036
vt 0.249738 0.811441
vt 0.562500 0.875000
vt 0.625000 0.812500
vt 0.561299 0.750382
vt 0.500000 0.812500
vt 0.811824 0.869761
vt 0.874324 0.807261
vt 0.812257 0.748477
vt 0.749887 0.811627
vt 0.187694 0.130196
vt 0.187500 0.000000
vt 0.187500 0.000000
vt 0.125194 0.192696
vt 0.187919 0.251054
vt 0.250032 0.188366
vt 0.000000 0.187500
vt 0.000000 0.187500
vt 0.437500 0.125000
vt 0.437500 0.000000
vt 0.437500 0.000000
vt 0.375000 0.187500
vt 0.437830 0.249975
vt 0.500000 0.187500
vt 0.687500 0.125000
vt 0.687500 0.000000
vt 0.687500 0.000000
vt 0.625000 0.187500
vt 0.686509 0.249734
vt 0.749978 0.188252
vt 0.937366 0.129511
vt 1.000000 0.062500
vt 1.000000 0.062500
vt 0.937500 0.000000
vt 0.937500 0.000000
vt 0.874866 0.192011
vt 0.936951 0.251256
vt 1.000000 0.187500
vt 1.000000 0.187500
vt 0.189821 0.376125
vt 0.127321 0.438625
vt 0.188335 0.500029
vt 0.250717 0.437663
vt 0.000000 0.437500
vt 0.000000 0.437500
vt 0.439478 0.374851
vt 0.376978 0.437351
vt 0.438223 0.500011
vt 0.499339 0.437210
vt 0.681556 0.373406
vt 0.619056 0.435906
vt 0.685308 0.500116
vt 0.748483 0.437738
vt 0.934340 0.378023
vt 1.000000 0.312500
vt 1.000000 0.312500
vt 0.871840 0.440523
vt 0.936843 0.499854
vt 1.000000 0.437500
vt 1.000000 0.437500
vt 0.190188 0.624047
vt 0.127688 0.686547
vt 0.187686 0.748782
vt 0.250841 0.687377
vt 0.000000 0.687500
vt 0.000000 0.687500
vt 0.439861 0.625214
vt 0.377361 0.687714
vt 0.437894 0.750036
vt 0.499192 0.687918
vt 0.680294 0.627292
vt 0.617794 0.689792
vt 0.686299 0.750382
vt 0.748668 0.687232
vt 0.936717 0.621102
vt 1.000000 0.562500
vt 1.000000 0.562500
vt 0.874217 0.683602
vt 0.937257 0.748477
vt 1.000000 0.687500
vt 1.000000 0.687500
vt 0.185929 0.868646
vt 0.123429 0.931146
vt 0.187500 1.000000
vt 0.187500 1.000000
vt 0.249738 0.936441
vt 0.000000 0.937500
vt 0.000000 0.937500
vt 0.062500 1.000000
vt 0.062500 1.000000
vt 0.437500 0.875000
vt 0.375000 0.937500
vt 0.437500 1.000000
vt 0.437500 1.000000
vt 0.500000 0.937500
vt 0.312500 1.000000
vt 0.312500 1.000000
vt 0.687500 0.875000
vt 0.625000 0.937500
vt 0.687500 1.000000
vt 0.687500 1.000000
vt 0.749887 0.936627
vt 0.562500 1.000000
vt 0.562500 1.000000
vt 0.936824 0.869761
vt 1.000000 0.812500
vt 1.000000 0.812500
vt 0.874324 0.932261
vt 0.937500 1.000000
vt 0.937500 1.000000
vt 1.000000 0.937500
vt 1.000000 0.937500
vt 0.812500 1.000000
vt 0.812500 1.000000
vt 0.015625 0.015625
vt 0.000000 0.125000
vt 0.125000 0.000000
vt 0.375000 0.000000
vt 0.250000 0.000000
vt 0.625000 0.000000
vt 0.500000 0.000000
vt 0.875000 0.000000
vt 0.750000 0.000000
vt 0.000000 0.250000
vt 0.000000 0.375000
vt 0.000000 0.500000
vt 0.000000 0.625000
vt 0.000000 0.750000
vt 0.000000 0.875000
vt 0.984375 0.015625
vt 1.000000 0.125000
vt 1.000000 0.250000
vt 1.000000 0.375000
vt 1.000000 0.500000
vt 1.000000 0.625000
vt 1.000000 0.750000
vt 0.125000 1.000000
vt 0.250000 1.000000
vt 0.015625 0.984375
vt 0.375000 1.000000
vt 0.500000 1.000000
vt 0.625000 1.000000
vt 0.750000 1.000000
vt 1.000000 0.875000
vt 0.984375 0.984375
vt 0.875000 1.000000
vn -0.266950 0.946559 0.181007
vn -0.336750 0.933358 0.124264
vn -0.221326 0.943959 -0.244861
vn -0.173442 0.957662 -0.229784
vn -0.410671 0.843336 0.346602
vn -0.323250 0.946006 0.024117
vn -0.276659 0.952347 -0.128431
vn -0.189087 0.916528 -0.352452
vn -0.151500 0.912934 -0.378946
vn -0.071931 0.851766 -0.518962
vn -0.093866 0.828347 -0.552296
vn -0.063240 0.756903 -0.650460
vn -0.045112 0.806705 -0.589231
vn -0.147022 0.881212 -0.449277
vn -0.099104 0.815217 -0.570614
vn -0.050858 0.798901 -0.599309
vn -0.038268 0.710118 -0.703041
vn -0.038955 0.771607 -0.634906
vn -0.040961 0.823619 -0.565662
vn 0.003339 0.809325 -0.587351
vn 0.062267 0.902049 -0.427118
vn 0.011771 0.895210 -0.445488
vn 0.042870 0.880989 -0.471191
vn 0.114188 0.946433 -0.302036
vn 0.251653 0.961193 -0.113047
vn 0.195133 0.934689 -0.297119
vn 0.162146 0.921072 -0.354028
vn 0.291409 0.917543 -0.270549
vn 0.303497 0.905579 -0.296337
vn 0.212575 0.927765 -0.306697
vn 0.198478 0.946844 -0.253164
vn 0.377144 0.920513 -0.102068
vn 0.301143 0.945079 -0.127034
vn 0.316649 0.948522 -0.006243
vn 0.190197 0.954901 -0.228012
vn 0.128708 0.963522 -0.234647
vn -0.078536 0.992065 -0.098179
vn -0.082939 0.983713 -0.159469
vn -0.034169 0.972731 -0.229403
vn -0.031205 0.991690 -0.124809
vn -0.105972 0.991253 -0.078665
vn -0.056583 0.969104 -0.240073
vn -0.087459 0.942658 -0.322099
vn -0.075826 0.966151 -0.246584
vn -0.076818 0.990346 -0.115381
vn -0.117893 0.986144 -0.116710
vn -0.106772 0.968158 -0.226428
vn -0.083619 0.981369 -0.172981
vn -0.093499 0.989047 -0.114214
vn -0.086617 0.934317 -0.345758
vn -0.062197 0.949844 -0.306476
vn -0.065625 0.961070 -0.268400
vn -0.081943 0.989283 -0.120849
vn -0.087989 0.990415 -0.106467
vn -0.040897 0.994160 -0.099869
vn -0.049626 0.991936 -0.116620
vn 0.019450 0.982947 -0.182856
vn 0.038698 0.992412 -0.116709
vn -0.063355 0.957241 -0.282268
vn -0.013980 0.946243 -0.323155
vn 0.128392 0.937573 -0.323222
vn 0.136456 0.962637 -0.233902
vn 0.147710 0.982400 -0.114334
vn 0.228915 0.973442 -0.002921
vn 0.246129 0.967014 -0.065608
vn 0.208965 0.977906 0.005726
vn 0.192562 0.979586 0.057711
vn 0.276105 0.955685 -0.102138
vn 0.221027 0.974594 -0.036237
vn 0.121210 0.989653 -0.076773
vn 0.119634 0.992697 0.015527
vn 0.111448 0.990675 0.078377
vn -0.070659 0.957891 0.278301
vn -0.072449 0.970165 0.231370
vn -0.029099 0.971715 0.234356
vn -0.026474 0.953639 0.299787
vn -0.078102 0.986852 0.141501
vn -0.032137 0.990375 0.134631
vn -0.076259 0.989016 0.126619
vn -0.074406 0.973735 0.215183
vn -0.071569 0.955274 0.286932
vn -0.091119 0.959002 0.268352
vn -0.099892 0.976612 0.190396
vn -0.072232 0.981943 0.174844
vn -0.065770 0.963686 0.258813
vn -0.109321 0.989997 0.089195
vn -0.081785 0.995282 0.052206
vn -0.079491 0.996681 0.017543
vn -0.074144 0.983918 0.162503
vn -0.073539 0.959802 0.270874
vn -0.062524 0.931385 0.358625
vn -0.059268 0.980290 0.188467
vn 0.008960 0.980573 0.195952
vn 0.008113 0.938158 0.346113
vn -0.053733 0.998472 0.012924
vn 0.022543 0.998540 0.049100
vn 0.137191 0.986677 0.087451
vn 0.121704 0.977373 0.173003
vn 0.122960 0.959154 0.254763
vn 0.239045 0.968770 0.065894
vn 0.221514 0.965009 0.140320
vn 0.190097 0.978387 0.081373
vn 0.206498 0.977374 0.045818
vn 0.214745 0.968901 0.122949
vn 0.173839 0.979741 0.099437
vn 0.094802 0.994288 0.049035
vn 0.105696 0.994050 0.026309
vn 0.114749 0.989080 0.092489
vn -0.127088 0.984803 0.118371
vn -0.105292 0.955995 0.273838
vn -0.043068 0.918482 0.393110
vn -0.067145 0.960642 0.269554
vn -0.092814 0.945363 0.312529
vn -0.033305 0.914473 0.403275
vn -0.067006 0.910249 0.408604
vn -0.076376 0.914293 0.397787
vn -0.107107 0.950697 0.291038
vn -0.082573 0.923794 0.373880
vn -0.070311 0.909091 0.410621
vn -0.051329 0.907630 0.416622
vn -0.056733 0.911559 0.407235
vn -0.072945 0.915215 0.396309
vn -0.054194 0.919338 0.389718
vn -0.080684 0.912356 0.401368
vn -0.080569 0.907755 0.411692
vn -0.077269 0.907877 0.412054
vn -0.056026 0.938254 0.341379
vn -0.063250 0.929096 0.364391
vn 0.046224 0.925380 0.376211
vn 0.046321 0.941944 0.332560
vn -0.065668 0.906465 0.417144
vn 0.038293 0.903038 0.427851
vn 0.180592 0.904273 0.386881
vn 0.197535 0.901398 0.385308
vn 0.189537 0.910026 0.368684
vn 0.262252 0.878692 0.398903
vn 0.269012 0.921404 0.280443
vn 0.175334 0.952493 0.249027
vn 0.176871 0.914503 0.363870
vn 0.270403 0.956227 0.111861
vn 0.187279 0.975649 0.114176
vn 0.097334 0.971176 0.217586
vn 0.087848 0.954782 0.284032
vn 0.083045 0.925245 0.370170
vn -0.205583 0.935345 -0.287864
vn -0.142971 0.883150 -0.446772
vn -0.120195 0.883075 -0.453577
vn -0.070925 0.893258 -0.443915
vn -0.112858 0.900925 -0.419043
vn -0.114373 0.927239 -0.356576
vn -0.117571 0.927882 -0.353853
vn -0.108958 0.972056 -0.207931
vn -0.172050 0.980249 0.097521
vn -0.002663 0.833383 -0.552690
vn -0.017835 0.729563 -0.683681
vn -0.041135 0.775624 -0.629853
vn -0.064712 0.887916 -0.455432
vn -0.061214 0.881638 -0.467939
vn -0.072693 0.963432 -0.257903
vn -0.049485 0.883736 -0.465363
vn -0.045300 0.888114 -0.457386
vn 0.368108 0.927795 -0.060768
vn 0.323837 0.908806 -0.263060
vn 0.315821 0.901003 -0.297405
vn 0.297038 0.941299 -0.160389
vn 0.294394 0.915013 -0.275831
vn 0.255557 0.935902 -0.242441
vn 0.136297 0.920370 -0.366528
vn -0.021748 0.906855 -0.420880
vn 0.444790 0.799290 0.404100
vn 0.201652 0.977624 -0.059906
vn 0.482559 0.459031 0.745941
vn 0.371697 0.781087 0.501742
vn 0.207633 0.966277 0.152305
vn 0.091906 0.980594 -0.173172
vn 0.130750 0.991297 0.015339
vn 0.039999 0.975217 -0.217604
vn 0.117033 0.988805 0.092560
vn 0.042542 0.992157 -0.117533
vn 0.118563 0.979297 -0.164076
vn 0.215053 0.969225 -0.119810
vn -0.121970 0.960089 -0.251700
vn -0.129109 0.985265 -0.112179
vn -0.116986 0.992971 -0.017973
vn -0.129293 0.991507 0.014069
vn -0.125177 0.985557 0.114053
vn -0.077715 0.996842 0.016306
vn -0.032724 0.999415 0.009991
vn -0.079529 0.996517 0.025071
vn -0.078150 0.992102 -0.098111
vn -0.078083 0.991902 -0.100162
vn -0.044618 0.993636 -0.103423
vn -0.078953 0.990518 -0.112427
vn -0.079882 0.996801 0.002528
vn -0.085604 0.991439 -0.098598
vn -0.090830 0.993896 -0.062611
vn 0.226606 0.957921 -0.176173
vn 0.217042 0.973862 -0.066980
vn 0.218311 0.973863 0.062701
vn 0.214393 0.976177 0.033389
vn 0.208911 0.971025 0.116043
vn 0.148173 0.988953 -0.003973
vn 0.037267 0.997276 -0.063646
vn 0.047995 0.998782 0.011464
vn 0.104758 0.979013 0.174813
vn 0.087767 0.976107 0.198777
vn 0.044893 0.996658 0.068246
vn 0.086646 0.981880 0.168537
vn 0.039349 0.997469 0.059227
vn 0.096241 0.995358 0.000357
vn 0.037822 0.999265 0.006230
vn 0.098447 0.990878 0.092030
vn 0.176954 0.979270 0.098583
vn -0.120554 0.972466 0.199443
vn -0.115104 0.953916 0.277119
vn -0.082076 0.937494 0.338184
vn -0.107324 0.930212 0.350980
vn -0.101103 0.910558 0.400826
vn -0.067175 0.931550 0.357353
vn -0.027570 0.934630 0.354551
vn -0.079058 0.950641 0.300052
vn -0.079243 0.982415 0.169060
vn -0.082883 0.945687 0.314335
vn -0.065080 0.890162 0.450972
vn -0.092799 0.906515 0.411848
vn -0.103474 0.900664 0.422017
vn -0.077234 0.931976 0.354198
vn -0.060384 0.942602 0.328414
vn 0.201332 0.966553 0.158874
vn 0.212338 0.966266 0.145749
vn 0.261296 0.965251 0.003847
vn 0.252695 0.955462 0.152438
vn 0.292492 0.923591 0.247849
vn 0.148328 0.929156 0.338625
vn 0.021146 0.900056 0.435261
vn 0.041764 0.999074 0.010355
vn 0.093713 0.988964 -0.114755
vn 0.096443 0.995121 0.020812
vn 0.045314 0.989669 0.136021
vn 0.098192 0.980089 0.172580
vn 0.041177 0.964991 0.259031
vn 0.104095 0.976874 0.186766
vn 0.035622 0.953049 0.300713
vn 0.109979 0.980055 0.165519
vn 0.202706 0.978687 0.032893
vn -0.105042 0.912367 0.395667
vn -0.130018 0.937747 0.322066
vn -0.105027 0.946063 0.306486
vn -0.173604 0.962279 0.209478
vn -0.136436 0.984150 0.113284
vn -0.227420 0.973658 -0.016451
vn -0.269039 0.945789 -0.181936
vn -0.174338 0.978434 0.110784
vn -0.227200 0.921159 -0.315984
vn -0.120586 0.990576 0.064954
vn -0.260333 0.803258 -0.535727
vn -0.175000 0.971773 -0.158215
vn -0.104734 0.914034 0.391883
vn -0.094827 0.918897 0.382931
vn -0.043347 0.956609 0.288133
vn -0.084550 0.933214 0.349231
vn -0.026561 0.996153 0.083512
vn -0.080258 0.986379 0.143581
vn -0.094772 0.975830 0.196910
vn -0.079114 0.920345 0.383022
vn -0.098430 0.977644 0.185804
vn -0.071338 0.928483 0.364458
vn 0.306626 0.887666 0.343554
vn 0.291787 0.869170 0.399254
vn 0.273620 0.864085 0.422480
vn 0.269535 0.881703 0.387234
vn 0.328995 0.905291 0.268719
vn 0.287967 0.937275 0.196446
vn 0.182606 0.977413 0.106393
vn 0.171132 0.933108 0.316265
vn 0.062303 0.995555 0.070627
vn 0.047979 0.961132 0.271888
vn 0.032078 0.942112 0.333760
vn 0.114777 0.977812 0.175241
vn 0.117517 0.963173 0.241843
vn 0.017381 0.907166 0.420414
vn 0.078432 0.930346 0.358196
vn 0.001976 0.886466 0.462790
vn 0.094149 0.972890 0.211236
vn 0.079516 0.967402 0.240440
vn 0.270497 0.950779 0.151163
vn 0.108150 0.912636 0.394206
vn 0.321261 0.915242 0.243152
vn 0.212710 0.892937 0.396760
vn 0.029971 -0.949285 0.312984
vn 0.137035 -0.946816 0.291139
vn 0.162838 -0.911412 0.377906
vn 0.054304 -0.881705 0.468666
vn 0.151401 -0.912888 0.379095
vn 0.167334 -0.889793 0.424580
vn 0.099689 -0.770606 0.629467
vn 0.095911 -0.791965 0.602986
vn -0.050048 -0.658361 0.751037
vn 0.071421 -0.852549 0.517744
vn 0.045133 -0.809260 0.585714
vn 0.053625 -0.721345 0.690497
vn 0.081386 -0.797959 0.597191
vn 0.039426 -0.775764 0.629790
vn 0.032217 -0.670948 0.740804
vn 0.007832 -0.501190 0.865302
vn 0.036771 -0.565221 0.824120
vn 0.067747 -0.668502 0.740618
vn 0.042580 -0.824696 0.563970
vn -0.009660 -0.894463 0.447038
vn -0.048353 -0.870300 0.490143
vn 0.002775 -0.764703 0.644377
vn -0.162156 -0.920314 0.355987
vn -0.181122 -0.915590 0.359012
vn -0.136191 -0.841618 0.522620
vn -0.044677 -0.750545 0.659308
vn -0.011437 -0.606966 0.794645
vn -0.290299 -0.917341 0.272420
vn -0.197321 -0.946525 0.255256
vn -0.182038 -0.907976 0.377414
vn -0.272859 -0.889105 0.367477
vn -0.127122 -0.962898 0.238048
vn -0.157042 -0.937828 0.309543
vn -0.081648 -0.837573 0.540190
vn -0.096856 -0.808567 0.580378
vn -0.186621 -0.816089 0.546966
vn -0.070402 -0.984727 0.159239
vn 0.009847 -0.991952 0.126233
vn 0.010661 -0.971194 0.238052
vn -0.076285 -0.959091 0.272627
vn 0.076561 -0.990678 0.112676
vn 0.075976 -0.967186 0.242445
vn 0.087629 -0.943480 0.319635
vn 0.029388 -0.961833 0.272054
vn -0.066949 -0.950103 0.304667
vn 0.117879 -0.986168 0.116519
vn 0.093373 -0.989014 0.114595
vn 0.083386 -0.980845 0.176038
vn 0.106856 -0.968265 0.225930
vn 0.087866 -0.990346 0.107215
vn 0.081565 -0.988592 0.126624
vn 0.065357 -0.959658 0.273469
vn 0.062182 -0.949145 0.308636
vn 0.086794 -0.934779 0.344462
vn 0.041549 -0.994026 0.100928
vn -0.038509 -0.992392 0.116940
vn -0.018555 -0.982613 0.184737
vn 0.050400 -0.991199 0.122408
vn -0.148300 -0.982445 0.113175
vn -0.136842 -0.963447 0.230314
vn -0.128452 -0.938792 0.319642
vn 0.015453 -0.946384 0.322673
vn 0.064050 -0.956147 0.285797
vn -0.228815 -0.973457 0.005112
vn -0.191782 -0.980081 -0.051578
vn -0.207556 -0.978223 0.000607
vn -0.245785 -0.967039 0.066528
vn -0.110354 -0.991524 -0.068570
vn -0.117867 -0.993011 -0.006018
vn -0.120171 -0.989558 0.079582
vn -0.220216 -0.974668 0.039077
vn -0.275836 -0.955770 0.102066
vn -0.077673 -0.939053 -0.334882
vn 0.005336 -0.952684 -0.303915
vn 0.008379 -0.972421 -0.233083
vn -0.072660 -0.963250 -0.258592
vn 0.071450 -0.955677 -0.285615
vn 0.074162 -0.974223 -0.213047
vn 0.075803 -0.989439 -0.123550
vn 0.010837 -0.991741 -0.127798
vn -0.067761 -0.988638 -0.134178
vn 0.091311 -0.959385 -0.266914
vn 0.065953 -0.964090 -0.257256
vn 0.072411 -0.982046 -0.174189
vn 0.100061 -0.976825 -0.189213
vn 0.073753 -0.960454 -0.268495
vn 0.074364 -0.983904 -0.162489
vn 0.079525 -0.996606 -0.021241
vn 0.081758 -0.995192 -0.053935
vn 0.109321 -0.990020 -0.088932
vn 0.063298 -0.933029 -0.354189
vn -0.007126 -0.939471 -0.342553
vn -0.008648 -0.980758 -0.195033
vn 0.059765 -0.980400 -0.187734
vn -0.123013 -0.959667 -0.252799
vn -0.122010 -0.977404 -0.172613
vn -0.137689 -0.986593 -0.087610
vn -0.022114 -0.998414 -0.051763
vn 0.054391 -0.998366 -0.017518
vn -0.239020 -0.968673 -0.067400
vn -0.205175 -0.977526 -0.048440
vn -0.189061 -0.978587 -0.081384
vn -0.221343 -0.965117 -0.139842
vn -0.113380 -0.989000 -0.094990
vn -0.104543 -0.994028 -0.031290
vn -0.094267 -0.994234 -0.051105
vn -0.173218 -0.979881 -0.099136
vn -0.214577 -0.969063 -0.121954
vn -0.096158 -0.861747 -0.498142
vn 0.030652 -0.942011 -0.334179
vn 0.012927 -0.899251 -0.437242
vn -0.086907 -0.835627 -0.542379
vn 0.105858 -0.950038 -0.293637
vn 0.075350 -0.912703 -0.401616
vn 0.066830 -0.909826 -0.409574
vn 0.006750 -0.904688 -0.426021
vn -0.081443 -0.866486 -0.492513
vn 0.081688 -0.922970 -0.376104
vn 0.056221 -0.910951 -0.408665
vn 0.051116 -0.907439 -0.417062
vn 0.069711 -0.908692 -0.411605
vn 0.077087 -0.907571 -0.412763
vn 0.080564 -0.907691 -0.411833
vn 0.080769 -0.912615 -0.400761
vn 0.054212 -0.919597 -0.389104
vn 0.072768 -0.915513 -0.395651
vn 0.057273 -0.938049 -0.341736
vn -0.045553 -0.941844 -0.332949
vn -0.045585 -0.925511 -0.375968
vn 0.064547 -0.929067 -0.364235
vn -0.190791 -0.909580 -0.369139
vn -0.199167 -0.901522 -0.384176
vn -0.181382 -0.904914 -0.385009
vn -0.037037 -0.903271 -0.427469
vn 0.067088 -0.906511 -0.416817
vn -0.260711 -0.879423 -0.398303
vn -0.174580 -0.914021 -0.366180
vn -0.173216 -0.951309 -0.254967
vn -0.267057 -0.921565 -0.281779
vn -0.081457 -0.923752 -0.374229
vn -0.086426 -0.953036 -0.290265
vn -0.095916 -0.969951 -0.223597
vn -0.184972 -0.974764 -0.124979
vn -0.268765 -0.955860 -0.118734
vn 0.126328 -0.856263 0.500855
vn 0.090323 -0.748680 0.656750
vn 0.119747 -0.883132 0.453584
vn 0.112822 -0.901780 0.417211
vn 0.070989 -0.894143 0.442118
vn 0.117551 -0.928145 0.353169
vn 0.114633 -0.928439 0.353357
vn 0.078994 -0.963163 0.257056
vn -0.021305 -0.961133 0.275261
vn 0.016710 -0.686525 0.726914
vn -0.004889 -0.508875 0.860827
vn 0.042084 -0.779306 0.625229
vn 0.061489 -0.882909 0.465500
vn 0.065673 -0.888796 0.453573
vn 0.049784 -0.884842 0.463223
vn 0.072512 -0.961859 0.263759
vn 0.045656 -0.889014 0.455598
vn -0.300850 -0.893971 0.332123
vn -0.210664 -0.841970 0.496696
vn -0.316672 -0.900287 0.298667
vn -0.295369 -0.915065 0.274613
vn -0.297017 -0.941134 0.161395
vn -0.136106 -0.920892 0.365285
vn -0.256323 -0.936727 0.238412
vn 0.023602 -0.907316 0.419786
vn -0.105752 -0.964208 0.243144
vn -0.147074 -0.919476 0.364601
vn -0.021280 -0.955919 0.292860
vn 0.191024 -0.764968 0.615088
vn 0.120599 -0.888156 0.443435
vn 0.091442 -0.847456 0.522930
vn 0.006062 -0.954020 0.299682
vn 0.172217 -0.783614 0.596901
vn -0.117973 -0.979099 0.165673
vn -0.008391 -0.985190 0.171262
vn 0.125547 -0.913788 0.386303
vn -0.215069 -0.969085 0.120916
vn 0.122173 -0.960885 0.248545
vn 0.128946 -0.985413 0.111055
vn 0.128927 -0.991571 -0.012807
vn 0.116904 -0.992984 0.017760
vn 0.077181 -0.996903 -0.015104
vn 0.124944 -0.985798 -0.112214
vn 0.011435 -0.999927 -0.003885
vn -0.066861 -0.997673 0.013377
vn 0.078151 -0.991414 0.104838
vn 0.078318 -0.991788 0.101112
vn 0.079243 -0.990910 0.108708
vn 0.045322 -0.993958 0.099965
vn 0.085573 -0.991768 0.095252
vn 0.080138 -0.996756 -0.007418
vn 0.090735 -0.994034 0.060520
vn -0.227187 -0.958507 0.172192
vn -0.217536 -0.973784 0.066500
vn -0.214987 -0.976084 -0.032265
vn -0.218326 -0.973936 -0.061509
vn -0.148834 -0.988855 0.003848
vn -0.209434 -0.971049 -0.114899
vn -0.036992 -0.997438 0.061225
vn -0.018589 -0.998946 0.041972
vn -0.019982 -0.999679 -0.015588
vn 0.086897 -0.979911 0.179506
vn 0.096192 -0.974469 0.202871
vn -0.014562 -0.999830 -0.011339
vn 0.086118 -0.982534 0.164956
vn -0.098174 -0.991126 -0.089616
vn -0.010297 -0.999916 -0.007849
vn 0.095093 -0.995443 0.007137
vn -0.176586 -0.979493 -0.097013
vn 0.120510 -0.972749 -0.198084
vn 0.115133 -0.954258 -0.275926
vn 0.107385 -0.930712 -0.349634
vn 0.082150 -0.937956 -0.336883
vn 0.067260 -0.931986 -0.356198
vn 0.100889 -0.910677 -0.400609
vn 0.004134 -0.931334 -0.364142
vn -0.080410 -0.912180 -0.401824
vn 0.079556 -0.982400 -0.169001
vn 0.083240 -0.946952 -0.310409
vn 0.093167 -0.907656 -0.409245
vn 0.066378 -0.891092 -0.448943
vn 0.077339 -0.932632 -0.352443
vn 0.103902 -0.900830 -0.421557
vn 0.060472 -0.942984 -0.327299
vn -0.201751 -0.966481 -0.158776
vn -0.213191 -0.966090 -0.145668
vn -0.253917 -0.955185 -0.152145
vn -0.260933 -0.965309 -0.009643
vn -0.148370 -0.930009 -0.336258
vn -0.293339 -0.923583 -0.246873
vn -0.019458 -0.901038 -0.433303
vn -0.015846 -0.998298 -0.056118
vn -0.019565 -0.985475 -0.168692
vn 0.080511 -0.942665 -0.323885
vn 0.082076 -0.981489 -0.173039
vn -0.013052 -0.957514 -0.288092
vn 0.098637 -0.888200 -0.448744
vn -0.108683 -0.979727 -0.168292
vn -0.003507 -0.939019 -0.343848
vn 0.121318 -0.846904 -0.517722
vn -0.200962 -0.978745 -0.040894
vn 0.104236 -0.911710 -0.397391
vn 0.129194 -0.937140 -0.324157
vn 0.164358 -0.949913 -0.265804
vn 0.095962 -0.926084 -0.364910
vn 0.162632 -0.971237 -0.173923
vn 0.183338 -0.932851 -0.310122
vn 0.156500 -0.899636 -0.407630
vn 0.075765 -0.853265 -0.515944
vn 0.074773 -0.980091 -0.183932
vn 0.104685 -0.959797 -0.260443
vn -0.074080 -0.927059 -0.367523
vn -0.066043 -0.899470 -0.431962
vn 0.105199 -0.913928 -0.392006
vn 0.095202 -0.918681 -0.383357
vn 0.079490 -0.904676 -0.418620
vn 0.047689 -0.924411 -0.378404
vn 0.071704 -0.893784 -0.442729
vn 0.048052 -0.794083 -0.605907
vn 0.053355 -0.796596 -0.602153
vn 0.045408 -0.790253 -0.611096
vn 0.062567 -0.903272 -0.424482
vn 0.043212 -0.810453 -0.584207
vn -0.307364 -0.888122 -0.341711
vn -0.292491 -0.869149 -0.398786
vn -0.245505 -0.859712 -0.447908
vn -0.246518 -0.840978 -0.481648
vn -0.153391 -0.912035 -0.380346
vn -0.060408 -0.839489 -0.540008
vn -0.129679 -0.790496 -0.598581
vn -0.150049 -0.746165 -0.648632
vn -0.033272 -0.936882 -0.348059
vn 0.016208 -0.833893 -0.551688
vn 0.004607 -0.922704 -0.385482
vn 0.022864 -0.882609 -0.469552
vn 0.191625 -0.673603 -0.713820
vn 0.143381 -0.797612 -0.585881
vn 0.057230 -0.820325 -0.569027
vn 0.286481 -0.420668 -0.860795
vn -0.082044 -0.883386 -0.461409
vn -0.056098 -0.776761 -0.627292
vn 0.178378 -0.601917 -0.778381
vn 0.379080 -0.087204 -0.921246
vn -0.184929 -0.869233 -0.458513
vn -0.132480 -0.758116 -0.638521
vn -0.423276 0.238272 0.874107
vn -0.395405 0.072333 0.915654
vn -0.388654 0.209029 0.897360
vn -0.322207 0.170542 0.931181
vn -0.305508 0.281515 0.909623
vn -0.151077 0.626109 0.764960
vn -0.182454 0.465505 0.866034
vn -0.080819 0.705626 0.703961
vn 0.174210 0.452277 0.874698
vn 0.059891 0.620938 0.781568
vn 0.288319 0.305000 0.907660
vn 0.351802 0.100683 0.930644
vn 0.344978 0.139357 0.928208
vn 0.372730 0.027156 0.927543
vn -0.797905 0.107037 0.593203
vn -0.804983 -0.366326 0.466698
vn -0.587743 0.411000 0.696877
vn -0.926206 -0.195864 -0.322148
vn -0.909323 0.041432 -0.414023
vn -0.872849 -0.475591 -0.109302
vn -0.553761 0.394698 -0.733186
vn -0.483958 0.469725 -0.738338
vn -0.630103 0.213833 -0.746489
vn -0.236296 0.350793 0.906150
vn -0.453411 0.094765 0.886249
vn -0.014530 0.698088 0.715865
vn 0.342576 0.196847 0.918636
vn 0.376258 -0.059234 0.924620
vn 0.436740 -0.004827 0.899575
vn 0.454885 0.065410 0.888145
vn 0.434142 0.211664 0.875625
vn 0.413752 0.196110 0.889016
vn 0.423601 0.028070 0.905414
vn -0.825568 -0.523589 0.210457
vn 0.453498 -0.067292 0.888713
vn 0.401324 0.009208 0.915890
vn 0.466003 -0.009030 0.884737
vn 0.999483 -0.006504 0.031477
vn -0.790626 0.112766 -0.601826
vn 0.516718 -0.147315 -0.843387
vn 0.443529 -0.097278 -0.890965
vn 0.520962 0.124524 -0.844448
vn 0.524725 0.291103 -0.799951
vn -0.165580 0.066424 -0.983957
vn -0.154497 0.171974 -0.972911
vn -0.150616 0.045383 -0.987550
vn -0.169014 -0.103374 -0.980178
vn -0.303857 -0.019870 -0.952510
vn -0.418457 0.224428 -0.880072
vn -0.060583 0.463308 -0.884124
vn 0.015952 0.620057 -0.784394
vn -0.095291 0.375682 -0.921837
vn -0.125059 0.305995 -0.943783
vn 0.363052 0.316569 -0.876343
vn 0.396808 0.311459 -0.863445
vn 0.296657 0.361847 -0.883777
vn 0.168793 0.497609 -0.850819
vn 0.480730 0.366369 -0.796664
vn 0.457012 0.476062 -0.751336
vn 0.449445 0.613567 -0.649257
vn 0.402674 0.609201 -0.683175
vn 0.394865 0.457533 -0.796709
vn 0.368676 0.273990 -0.888261
vn 0.381442 0.291122 -0.877354
s 1
g pPlane1
usemtl initialShadingGroup
f 83/115/1 323/355/2 483/195/3 326/358/4
f 323/355/2 82/114/5 324/356/6 483/195/3
f 483/195/3 324/356/6 84/116/7 325/357/8
f 326/358/4 483/195/3 325/357/8 85/117/9
f 87/119/10 327/359/11 484/196/12 330/362/13
f 327/359/11 86/118/14 328/360/15 484/196/12
f 484/196/12 328/360/15 88/120/16 329/361/17
f 330/362/13 484/196/12 329/361/17 89/121/18
f 91/123/19 331/363/20 485/197/21 334/366/22
f 331/363/20 90/122/23 332/364/24 485/197/21
f 485/197/21 332/364/24 92/124/25 333/365/26
f 334/366/22 485/197/21 333/365/26 93/125/27
f 95/127/28 335/367/29 486/198/30 338/370/31
f 335/367/29 94/126/32 336/368/33 486/198/30
f 486/198/30 336/368/33 96/128/34 337/369/35
f 338/370/31 486/198/30 337/369/35 97/129/36
f 99/131/37 339/371/38 487/199/39 342/374/40
f 339/371/38 98/130/41 340/372/42 487/199/39
f 487/199/39 340/372/42 100/132/43 341/373/44
f 342/374/40 487/199/39 341/373/44 101/133/45
f 103/135/46 343/375/47 488/200/48 346/378/49
f 343/375/47 102/134/50 344/376/51 488/200/48
f 488/200/48 344/376/51 104/136/52 345/377/53
f 346/378/49 488/200/48 345/377/53 105/137/54
f 107/139/55 347/379/56 489/201/57 350/382/58
f 347/379/56 106/138/59 348/380/60 489/201/57
f 489/201/57 348/380/60 108/140/61 349/381/62
f 350/382/58 489/201/57 349/381/62 109/141/63
f 111/143/64 351/383/65 490/202/66 354/386/67
f 351/383/65 110/142/68 352/384/69 490/202/66
f 490/202/66 352/384/69 112/144/70 353/385/71
f 354/386/67 490/202/66 353/385/71 113/145/72
f 115/147/73 355/387/74 491/203/75 358/390/76
f 355/387/74 114/146/77 356/388/78 491/203/75
f 491/203/75 356/388/78 116/148/79 357/389/80
f 358/390/76 491/203/75 357/389/80 117/149/81
f 119/151/82 359/391/83 492/204/84 362/394/85
f 359/391/83 118/150/86 360/392/87 492/204/84
f 492/204/84 360/392/87 120/152/88 361/393/89
f 362/394/85 492/204/84 361/393/89 121/153/90
f 123/155/91 363/395/92 493/205/93 366/398/94
f 363/395/92 122/154/95 364/396/96 493/205/93
f 493/205/93 364/396/96 124/156/97 365/397/98
f 366/398/94 493/205/93 365/397/98 125/157/99
f 127/159/100 367/399/101 494/206/102 370/402/103
f 367/399/101 126/158/104 368/400/105 494/206/102
f 494/206/102 368/400/105 128/160/106 369/401/107
f 370/402/103 494/206/102 369/401/107 129/161/108
f 131/163/109 371/403/110 495/207/111 374/406/112
f 371/403/110 130/162/113 372/404/114 495/207/111
f 495/207/111 372/404/114 132/164/115 373/405/116
f 374/406/112 495/207/111 373/405/116 133/165/117
f 135/167/118 375/407/119 496/208/120 378/410/121
f 375/407/119 134/166/122 376/408/123 496/208/120
f 496/208/120 376/408/123 136/168/124 377/409/125
f 378/410/121 496/208/120 377/409/125 137/169/126
f 139/171/127 379/411/128 497/209/129 382/414/130
f 379/411/128 138/170/131 380/412/132 497/209/129
f 497/209/129 380/412/132 140/172/133 381/413/134
f 382/414/130 497/209/129 381/413/134 141/173/135
f 143/175/136 383/415/137 498/210/138 386/418/139
f 383/415/137 142/174/140 384/416/141 498/210/138
f 498/210/138 384/416/141 144/176/142 385/417/143
f 386/418/139 498/210/138 385/417/143 145/177/144
f 84/116/7 387/419/145 499/211/146 325/357/8
f 387/419/145 86/118/14 327/359/11 499/211/146
f 499/211/146 327/359/11 87/119/10 388/420/147
f 325/357/8 499/211/146 388/420/147 85/117/9
f 87/119/10 389/421/148 500/212/149 388/420/147
f 389/421/148 102/134/50 390/422/150 500/212/149
f 500/212/149 390/422/150 100/132/43 391/423/151
f 388/420/147 500/212/149 391/423/151 85/117/9
f 100/132/43 340/372/42 501/213/152 391/423/151
f 340/372/42 98/130/41 392/424/153 501/213/152
f 501/213/152 392/424/153 83/115/1 326/358/4
f 391/423/151 501/213/152 326/358/4 85/117/9
f 88/120/16 393/425/154 502/214/155 329/361/17
f 393/425/154 90/122/23 331/363/20 502/214/155
f 502/214/155 331/363/20 91/123/19 394/426/156
f 329/361/17 502/214/155 394/426/156 89/121/18
f 91/123/19 395/427/157 503/215/158 394/426/156
f 395/427/157 106/138/59 396/428/159 503/215/158
f 503/215/158 396/428/159 104/136/52 397/429/160
f 394/426/156 503/215/158 397/429/160 89/121/18
f 104/136/52 344/376/51 504/216/161 397/429/160
f 344/376/51 102/134/50 389/421/148 504/216/161
f 504/216/161 389/421/148 87/119/10 330/362/13
f 397/429/160 504/216/161 330/362/13 89/121/18
f 92/124/25 398/430/162 505/217/163 333/365/26
f 398/430/162 94/126/32 335/367/29 505/217/163
f 505/217/163 335/367/29 95/127/28 399/431/164
f 333/365/26 505/217/163 399/431/164 93/125/27
f 95/127/28 400/432/165 506/218/166 399/431/164
f 400/432/165 110/142/68 401/433/167 506/218/166
f 506/218/166 401/433/167 108/140/61 402/434/168
f 399/431/164 506/218/166 402/434/168 93/125/27
f 108/140/61 348/380/60 507/219/169 402/434/168
f 348/380/60 106/138/59 395/427/157 507/219/169
f 507/219/169 395/427/157 91/123/19 334/366/22
f 402/434/168 507/219/169 334/366/22 93/125/27
f 96/128/34 403/435/170 508/220/171 337/369/35
f 403/435/170 146/178/172 404/436/173 508/220/171
f 508/220/171 404/436/173 147/179/174 405/437/175
f 337/369/35 508/220/171 405/437/175 97/129/36
f 147/179/174 406/438/176 509/221/177 405/437/175
f 406/438/176 148/180/178 407/439/179 509/221/177
f 509/221/177 407/439/179 112/144/70 408/440/180
f 405/437/175 509/221/177 408/440/180 97/129/36
f 112/144/70 352/384/69 510/222/181 408/440/180
f 352/384/69 110/142/68 400/432/165 510/222/181
f 510/222/181 400/432/165 95/127/28 338/370/31
f 408/440/180 510/222/181 338/370/31 97/129/36
f 100/132/43 390/422/150 511/223/182 341/373/44
f 390/422/150 102/134/50 343/375/47 511/223/182
f 511/223/182 343/375/47 103/135/46 409/441/183
f 341/373/44 511/223/182 409/441/183 101/133/45
f 103/135/46 410/442/184 512/224/185 409/441/183
f 410/442/184 118/150/86 411/443/186 512/224/185
f 512/224/185 411/443/186 116/148/79 412/444/187
f 409/441/183 512/224/185 412/444/187 101/133/45
f 116/148/79 356/388/78 513/225/188 412/444/187
f 356/388/78 114/146/77 413/445/189 513/225/188
f 513/225/188 413/445/189 99/131/37 342/374/40
f 412/444/187 513/225/188 342/374/40 101/133/45
f 104/136/52 396/428/159 514/226/190 345/377/53
f 396/428/159 106/138/59 347/379/56 514/226/190
f 514/226/190 347/379/56 107/139/55 414/446/191
f 345/377/53 514/226/190 414/446/191 105/137/54
f 107/139/55 415/447/192 515/227/193 414/446/191
f 415/447/192 122/154/95 416/448/194 515/227/193
f 515/227/193 416/448/194 120/152/88 417/449/195
f 414/446/191 515/227/193 417/449/195 105/137/54
f 120/152/88 360/392/87 516/228/196 417/449/195
f 360/392/87 118/150/86 410/442/184 516/228/196
f 516/228/196 410/442/184 103/135/46 346/378/49
f 417/449/195 516/228/196 346/378/49 105/137/54
f 108/140/61 401/433/167 517/229/197 349/381/62
f 401/433/167 110/142/68 351/383/65 517/229/197
f 517/229/197 351/383/65 111/143/64 418/450/198
f 349/381/62 517/229/197 418/450/198 109/141/63
f 111/143/64 419/451/199 518/230/200 418/450/198
f 419/451/199 126/158/104 420/452/201 518/230/200
f 518/230/200 420/452/201 124/156/97 421/453/202
f 418/450/198 518/230/200 421/453/202 109/141/63
f 124/156/97 364/396/96 519/231/203 421/453/202
f 364/396/96 122/154/95 415/447/192 519/231/203
f 519/231/203 415/447/192 107/139/55 350/382/58
f 421/453/202 519/231/203 350/382/58 109/141/63
f 112/144/70 407/439/179 520/232/204 353/385/71
f 407/439/179 148/180/178 422/454/205 520/232/204
f 520/232/204 422/454/205 149/181/206 423/455/207
f 353/385/71 520/232/204 423/455/207 113/145/72
f 149/181/206 424/456/208 521/233/209 423/455/207
f 424/456/208 150/182/210 425/457/211 521/233/209
f 521/233/209 425/457/211 128/160/106 426/458/212
f 423/455/207 521/233/209 426/458/212 113/145/72
f 128/160/106 368/400/105 522/234/213 426/458/212
f 368/400/105 126/158/104 419/451/199 522/234/213
f 522/234/213 419/451/199 111/143/64 354/386/67
f 426/458/212 522/234/213 354/386/67 113/145/72
f 116/148/79 411/443/186 523/235/214 357/389/80
f 411/443/186 118/150/86 359/391/83 523/235/214
f 523/235/214 359/391/83 119/151/82 427/459/215
f 357/389/80 523/235/214 427/459/215 117/149/81
f 119/151/82 428/460/216 524/236/217 427/459/215
f 428/460/216 134/166/122 429/461/218 524/236/217
f 524/236/217 429/461/218 132/164/115 430/462/219
f 427/459/215 524/236/217 430/462/219 117/149/81
f 132/164/115 372/404/114 525/237/220 430/462/219
f 372/404/114 130/162/113 431/463/221 525/237/220
f 525/237/220 431/463/221 115/147/73 358/390/76
f 430/462/219 525/237/220 358/390/76 117/149/81
f 120/152/88 416/448/194 526/238/222 361/393/89
f 416/448/194 122/154/95 363/395/92 526/238/222
f 526/238/222 363/395/92 123/155/91 432/464/223
f 361/393/89 526/238/222 432/464/223 121/153/90
f 123/155/91 433/465/224 527/239/225 432/464/223
f 433/465/224 138/170/131 434/466/226 527/239/225
f 527/239/225 434/466/226 136/168/124 435/467/227
f 432/464/223 527/239/225 435/467/227 121/153/90
f 136/168/124 376/408/123 528/240/228 435/467/227
f 376/408/123 134/166/122 428/460/216 528/240/228
f 528/240/228 428/460/216 119/151/82 362/394/85
f 435/467/227 528/240/228 362/394/85 121/153/90
f 124/156/97 420/452/201 529/241/229 365/397/98
f 420/452/201 126/158/104 367/399/101 529/241/229
f 529/241/229 367/399/101 127/159/100 436/468/230
f 365/397/98 529/241/229 436/468/230 125/157/99
f 127/159/100 437/469/231 530/242/232 436/468/230
f 437/469/231 142/174/140 438/470/233 530/242/232
f 530/242/232 438/470/233 140/172/133 439/471/234
f 436/468/230 530/242/232 439/471/234 125/157/99
f 140/172/133 380/412/132 531/243/235 439/471/234
f 380/412/132 138/170/131 433/465/224 531/243/235
f 531/243/235 433/465/224 123/155/91 366/398/94
f 439/471/234 531/243/235 366/398/94 125/157/99
f 128/160/106 425/457/211 532/244/236 369/401/107
f 425/457/211 150/182/210 440/472/237 532/244/236
f 532/244/236 440/472/237 151/183/238 441/473/239
f 369/401/107 532/244/236 441/473/239 129/161/108
f 151/183/238 442/474/240 533/245/241 441/473/239
f 442/474/240 152/184/242 443/475/243 533/245/241
f 533/245/241 443/475/243 144/176/142 444/476/244
f 441/473/239 533/245/241 444/476/244 129/161/108
f 144/176/142 384/416/141 534/246/245 444/476/244
f 384/416/141 142/174/140 437/469/231 534/246/245
f 534/246/245 437/469/231 127/159/100 370/402/103
f 444/476/244 534/246/245 370/402/103 129/161/108
f 132/164/115 429/461/218 535/247/246 373/405/116
f 429/461/218 134/166/122 375/407/119 535/247/246
f 535/247/246 375/407/119 135/167/118 445/477/247
f 373/405/116 535/247/246 445/477/247 133/165/117
f 135/167/118 446/478/248 536/248/249 445/477/247
f 446/478/248 153/185/250 447/479/251 536/248/249
f 536/248/249 447/479/251 154/186/252 448/480/253
f 445/477/247 536/248/249 448/480/253 133/165/117
f 154/186/252 449/481/254 537/249/255 448/480/253
f 449/481/254 155/187/256 450/482/257 537/249/255
f 537/249/255 450/482/257 131/163/109 374/406/112
f 448/480/253 537/249/255 374/406/112 133/165/117
f 136/168/124 434/466/226 538/250/258 377/409/125
f 434/466/226 138/170/131 379/411/128 538/250/258
f 538/250/258 379/411/128 139/171/127 451/483/259
f 377/409/125 538/250/258 451/483/259 137/169/126
f 139/171/127 452/484/260 539/251/261 451/483/259
f 452/484/260 156/188/262 453/485/263 539/251/261
f 539/251/261 453/485/263 157/189/264 454/486/265
f 451/483/259 539/251/261 454/486/265 137/169/126
f 157/189/264 455/487/266 540/252/267 454/486/265
f 455/487/266 153/185/250 446/478/248 540/252/267
f 540/252/267 446/478/248 135/167/118 378/410/121
f 454/486/265 540/252/267 378/410/121 137/169/126
f 140/172/133 438/470/233 541/253/268 381/413/134
f 438/470/233 142/174/140 383/415/137 541/253/268
f 541/253/268 383/415/137 143/175/136 456/488/269
f 381/413/134 541/253/268 456/488/269 141/173/135
f 143/175/136 457/489/270 542/254/271 456/488/269
f 457/489/270 158/190/272 458/490/273 542/254/271
f 542/254/271 458/490/273 159/191/274 459/491/275
f 456/488/269 542/254/271 459/491/275 141/173/135
f 159/191/274 460/492/276 543/255/277 459/491/275
f 460/492/276 156/188/262 452/484/260 543/255/277
f 543/255/277 452/484/260 139/171/127 382/414/130
f 459/491/275 543/255/277 382/414/130 141/173/135
f 144/176/142 443/475/243 544/256/278 385/417/143
f 443/475/243 152/184/242 461/493/279 544/256/278
f 544/256/278 461/493/279 160/192/280 462/494/281
f 385/417/143 544/256/278 462/494/281 145/177/144
f 160/192/280 463/495/282 545/257/283 462/494/281
f 463/495/282 161/193/284 464/496/285 545/257/283
f 545/257/283 464/496/285 162/194/286 465/497/287
f 462/494/281 545/257/283 465/497/287 145/177/144
f 162/194/286 466/498/288 546/258/289 465/497/287
f 466/498/288 158/190/272 457/489/270 546/258/289
f 546/258/289 457/489/270 143/175/136 386/418/139
f 465/497/287 546/258/289 386/418/139 145/177/144
f 30/47/290 467/499/291 547/259/292 470/503/293
f 467/499/291 26/42/294 468/500/295 547/259/292
f 547/259/292 468/500/295 27/43/296 469/501/297
f 470/503/293 547/259/292 469/501/297 1/1/298
f 28/45/299 471/505/300 548/260/301 474/509/302
f 471/505/300 31/49/303 472/506/304 548/260/301
f 548/260/301 472/506/304 32/50/305 473/507/306
f 474/509/302 548/260/301 473/507/306 2/3/307
f 33/52/308 475/510/309 549/261/310 478/514/311
f 475/510/309 35/54/312 476/511/313 549/261/310
f 549/261/310 476/511/313 36/55/314 477/512/315
f 478/514/311 549/261/310 477/512/315 3/5/316
f 37/57/317 479/515/318 550/262/319 482/519/320
f 479/515/318 39/59/321 480/516/322 550/262/319
f 550/262/319 480/516/322 40/60/323 481/517/324
f 482/519/320 550/262/319 481/517/324 4/7/325
f 46/68/326 163/520/327 551/263/328 166/523/329
f 163/520/327 43/65/330 164/521/331 551/263/328
f 551/263/328 164/521/331 29/46/332 165/522/333
f 166/523/329 551/263/328 165/522/333 6/11/334
f 44/66/335 167/525/336 552/264/337 170/528/338
f 167/525/336 47/70/339 168/526/340 552/264/337
f 552/264/337 168/526/340 34/53/341 169/527/342
f 170/528/338 552/264/337 169/527/342 7/13/343
f 48/71/344 171/529/345 553/265/346 174/532/347
f 171/529/345 50/73/348 172/530/349 553/265/346
f 553/265/346 172/530/349 38/58/350 173/531/351
f 174/532/347 553/265/346 173/531/351 8/14/352
f 51/74/353 175/533/354 554/266/355 178/536/356
f 175/533/354 53/76/357 176/534/358 554/266/355
f 554/266/355 176/534/358 42/64/359 177/535/360
f 178/536/356 554/266/355 177/535/360 9/15/361
f 59/83/362 179/537/363 555/267/364 182/540/365
f 179/537/363 56/80/366 180/538/367 555/267/364
f 555/267/364 180/538/367 45/67/368 181/539/369
f 182/540/365 555/267/364 181/539/369 11/18/370
f 57/81/371 183/542/372 556/268/373 186/545/374
f 183/542/372 60/85/375 184/543/376 556/268/373
f 556/268/373 184/543/376 49/72/377 185/544/378
f 186/545/374 556/268/373 185/544/378 12/20/379
f 61/86/380 187/546/381 557/269/382 190/549/383
f 187/546/381 63/88/384 188/547/385 557/269/382
f 557/269/382 188/547/385 52/75/386 189/548/387
f 190/549/383 557/269/382 189/548/387 13/21/388
f 64/89/389 191/550/390 558/270/391 194/553/392
f 191/550/390 66/91/393 192/551/394 558/270/391
f 558/270/391 192/551/394 55/79/395 193/552/396
f 194/553/392 558/270/391 193/552/396 14/22/397
f 72/99/398 195/554/399 559/271/400 198/557/401
f 195/554/399 69/95/402 196/555/403 559/271/400
f 559/271/400 196/555/403 58/82/404 197/556/405
f 198/557/401 559/271/400 197/556/405 16/25/406
f 70/96/407 199/559/408 560/272/409 202/562/410
f 199/559/408 73/101/411 200/560/412 560/272/409
f 560/272/409 200/560/412 62/87/413 201/561/414
f 202/562/410 560/272/409 201/561/414 17/27/415
f 74/102/416 203/563/417 561/273/418 206/566/419
f 203/563/417 76/105/420 204/564/421 561/273/418
f 561/273/418 204/564/421 65/90/422 205/565/423
f 206/566/419 561/273/418 205/565/423 18/28/424
f 77/106/425 207/567/426 562/274/427 210/570/428
f 207/567/426 79/109/429 208/568/430 562/274/427
f 562/274/427 208/568/430 68/94/431 209/569/432
f 210/570/428 562/274/427 209/569/432 19/29/433
f 27/43/296 468/500/295 563/275/434 212/572/435
f 468/500/295 26/42/294 211/571/436 563/275/434
f 563/275/434 211/571/436 28/45/299 474/509/302
f 212/572/435 563/275/434 474/509/302 2/3/307
f 28/45/299 211/571/436 564/276/437 215/576/438
f 211/571/436 26/42/294 213/574/439 564/276/437
f 564/276/437 213/574/439 29/46/332 214/575/440
f 215/576/438 564/276/437 214/575/440 7/13/343
f 29/46/332 213/574/439 565/277/441 165/522/333
f 213/574/439 26/42/294 467/499/291 565/277/441
f 565/277/441 467/499/291 30/47/290 216/577/442
f 165/522/333 565/277/441 216/577/442 6/11/334
f 32/50/305 472/506/304 566/278/443 218/580/444
f 472/506/304 31/49/303 217/579/445 566/278/443
f 566/278/443 217/579/445 33/52/308 478/514/311
f 218/580/444 566/278/443 478/514/311 3/5/316
f 33/52/308 217/579/445 567/279/446 221/584/447
f 217/579/445 31/49/303 219/582/448 567/279/446
f 567/279/446 219/582/448 34/53/341 220/583/449
f 221/584/447 567/279/446 220/583/449 8/14/352
f 34/53/341 219/582/448 568/280/450 169/527/342
f 219/582/448 31/49/303 471/505/300 568/280/450
f 568/280/450 471/505/300 28/45/299 215/576/438
f 169/527/342 568/280/450 215/576/438 7/13/343
f 36/55/314 476/511/313 569/281/451 223/586/452
f 476/511/313 35/54/312 222/585/453 569/281/451
f 569/281/451 222/585/453 37/57/317 482/519/320
f 223/586/452 569/281/451 482/519/320 4/7/325
f 37/57/317 222/585/453 570/282/454 226/590/455
f 222/585/453 35/54/312 224/588/456 570/282/454
f 570/282/454 224/588/456 38/58/350 225/589/457
f 226/590/455 570/282/454 225/589/457 9/15/361
f 38/58/350 224/588/456 571/283/458 173/531/351
f 224/588/456 35/54/312 475/510/309 571/283/458
f 571/283/458 475/510/309 33/52/308 221/584/447
f 173/531/351 571/283/458 221/584/447 8/14/352
f 40/60/323 480/516/322 572/284/459 229/594/460
f 480/516/322 39/59/321 227/591/461 572/284/459
f 572/284/459 227/591/461 41/62/462 228/592/463
f 229/594/460 572/284/459 228/592/463 5/9/464
f 41/62/462 227/591/461 573/285/465 232/598/466
f 227/591/461 39/59/321 230/596/467 573/285/465
f 573/285/465 230/596/467 42/64/359 231/597/468
f 232/598/466 573/285/465 231/597/468 10/16/469
f 42/64/359 230/596/467 574/286/470 177/535/360
f 230/596/467 39/59/321 479/515/318 574/286/470
f 574/286/470 479/515/318 37/57/317 226/590/455
f 177/535/360 574/286/470 226/590/455 9/15/361
f 29/46/332 164/521/331 575/287/471 214/575/440
f 164/521/331 43/65/330 233/600/472 575/287/471
f 575/287/471 233/600/472 44/66/335 170/528/338
f 214/575/440 575/287/471 170/528/338 7/13/343
f 44/66/335 233/600/472 576/288/473 236/603/474
f 233/600/472 43/65/330 234/601/475 576/288/473
f 576/288/473 234/601/475 45/67/368 235/602/476
f 236/603/474 576/288/473 235/602/476 12/20/379
f 45/67/368 234/601/475 577/289/477 181/539/369
f 234/601/475 43/65/330 163/520/327 577/289/477
f 577/289/477 163/520/327 46/68/326 237/604/478
f 181/539/369 577/289/477 237/604/478 11/18/370
f 34/53/341 168/526/340 578/290/479 220/583/449
f 168/526/340 47/70/339 238/606/480 578/290/479
f 578/290/479 238/606/480 48/71/344 174/532/347
f 220/583/449 578/290/479 174/532/347 8/14/352
f 48/71/344 238/606/480 579/291/481 241/609/482
f 238/606/480 47/70/339 239/607/483 579/291/481
f 579/291/481 239/607/483 49/72/377 240/608/484
f 241/609/482 579/291/481 240/608/484 13/21/388
f 49/72/377 239/607/483 580/292/485 185/544/378
f 239/607/483 47/70/339 167/525/336 580/292/485
f 580/292/485 167/525/336 44/66/335 236/603/474
f 185/544/378 580/292/485 236/603/474 12/20/379
f 38/58/350 172/530/349 581/293/486 225/589/457
f 172/530/349 50/73/348 242/610/487 581/293/486
f 581/293/486 242/610/487 51/74/353 178/536/356
f 225/589/457 581/293/486 178/536/356 9/15/361
f 51/74/353 242/610/487 582/294/488 245/613/489
f 242/610/487 50/73/348 243/611/490 582/294/488
f 582/294/488 243/611/490 52/75/386 244/612/491
f 245/613/489 582/294/488 244/612/491 14/22/397
f 52/75/386 243/611/490 583/295/492 189/548/387
f 243/611/490 50/73/348 171/529/345 583/295/492
f 583/295/492 171/529/345 48/71/344 241/609/482
f 189/548/387 583/295/492 241/609/482 13/21/388
f 42/64/359 176/534/358 584/296/493 231/597/468
f 176/534/358 53/76/357 246/614/494 584/296/493
f 584/296/493 246/614/494 54/77/495 247/615/496
f 231/597/468 584/296/493 247/615/496 10/16/469
f 54/77/495 246/614/494 585/297/497 250/619/498
f 246/614/494 53/76/357 248/617/499 585/297/497
f 585/297/497 248/617/499 55/79/395 249/618/500
f 250/619/498 585/297/497 249/618/500 15/23/501
f 55/79/395 248/617/499 586/298/502 193/552/396
f 248/617/499 53/76/357 175/533/354 586/298/502
f 586/298/502 175/533/354 51/74/353 245/613/489
f 193/552/396 586/298/502 245/613/489 14/22/397
f 45/67/368 180/538/367 587/299/503 235/602/476
f 180/538/367 56/80/366 251/621/504 587/299/503
f 587/299/503 251/621/504 57/81/371 186/545/374
f 235/602/476 587/299/503 186/545/374 12/20/379
f 57/81/371 251/621/504 588/300/505 254/624/506
f 251/621/504 56/80/366 252/622/507 588/300/505
f 588/300/505 252/622/507 58/82/404 253/623/508
f 254/624/506 588/300/505 253/623/508 17/27/415
f 58/82/404 252/622/507 589/301/509 197/556/405
f 252/622/507 56/80/366 179/537/363 589/301/509
f 589/301/509 179/537/363 59/83/362 255/625/510
f 197/556/405 589/301/509 255/625/510 16/25/406
f 49/72/377 184/543/376 590/302/511 240/608/484
f 184/543/376 60/85/375 256/627/512 590/302/511
f 590/302/511 256/627/512 61/86/380 190/549/383
f 240/608/484 590/302/511 190/549/383 13/21/388
f 61/86/380 256/627/512 591/303/513 259/630/514
f 256/627/512 60/85/375 257/628/515 591/303/513
f 591/303/513 257/628/515 62/87/413 258/629/516
f 259/630/514 591/303/513 258/629/516 18/28/424
f 62/87/413 257/628/515 592/304/517 201/561/414
f 257/628/515 60/85/375 183/542/372 592/304/517
f 592/304/517 183/542/372 57/81/371 254/624/506
f 201/561/414 592/304/517 254/624/506 17/27/415
f 52/75/386 188/547/385 593/305/518 244/612/491
f 188/547/385 63/88/384 260/631/519 593/305/518
f 593/305/518 260/631/519 64/89/389 194/553/392
f 244/612/491 593/305/518 194/553/392 14/22/397
f 64/89/389 260/631/519 594/306/520 263/634/521
f 260/631/519 63/88/384 261/632/522 594/306/520
f 594/306/520 261/632/522 65/90/422 262/633/523
f 263/634/521 594/306/520 262/633/523 19/29/433
f 65/90/422 261/632/522 595/307/524 205/565/423
f 261/632/522 63/88/384 187/546/381 595/307/524
f 595/307/524 187/546/381 61/86/380 259/630/514
f 205/565/423 595/307/524 259/630/514 18/28/424
f 55/79/395 192/551/394 596/308/525 249/618/500
f 192/551/394 66/91/393 264/635/526 596/308/525
f 596/308/525 264/635/526 67/92/527 265/636/528
f 249/618/500 596/308/525 265/636/528 15/23/501
f 67/92/527 264/635/526 597/309/529 268/640/530
f 264/635/526 66/91/393 266/638/531 597/309/529
f 597/309/529 266/638/531 68/94/431 267/639/532
f 268/640/530 597/309/529 267/639/532 20/30/533
f 68/94/431 266/638/531 598/310/534 209/569/432
f 266/638/531 66/91/393 191/550/390 598/310/534
f 598/310/534 191/550/390 64/89/389 263/634/521
f 209/569/432 598/310/534 263/634/521 19/29/433
f 58/82/404 196/555/403 599/311/535 253/623/508
f 196/555/403 69/95/402 269/642/536 599/311/535
f 599/311/535 269/642/536 70/96/407 202/562/410
f 253/623/508 599/311/535 202/562/410 17/27/415
f 70/96/407 269/642/536 600/312/537 272/646/538
f 269/642/536 69/95/402 270/643/539 600/312/537
f 600/312/537 270/643/539 71/97/540 271/644/541
f 272/646/538 600/312/537 271/644/541 22/34/542
f 71/97/540 270/643/539 601/313/543 274/649/544
f 270/643/539 69/95/402 195/554/399 601/313/543
f 601/313/543 195/554/399 72/99/398 273/647/545
f 274/649/544 601/313/543 273/647/545 21/32/546
f 62/87/413 200/560/412 602/314/547 258/629/516
f 200/560/412 73/101/411 275/651/548 602/314/547
f 602/314/547 275/651/548 74/102/416 206/566/419
f 258/629/516 602/314/547 206/566/419 18/28/424
f 74/102/416 275/651/548 603/315/549 278/655/550
f 275/651/548 73/101/411 276/652/551 603/315/549
f 603/315/549 276/652/551 75/103/552 277/653/553
f 278/655/550 603/315/549 277/653/553 23/36/554
f 75/103/552 276/652/551 604/316/555 279/656/556
f 276/652/551 73/101/411 199/559/408 604/316/555
f 604/316/555 199/559/408 70/96/407 272/646/538
f 279/656/556 604/316/555 272/646/538 22/34/542
f 65/90/422 204/564/421 605/317/557 262/633/523
f 204/564/421 76/105/420 280/658/558 605/317/557
f 605/317/557 280/658/558 77/106/425 210/570/428
f 262/633/523 605/317/557 210/570/428 19/29/433
f 77/106/425 280/658/558 606/318/559 283/662/560
f 280/658/558 76/105/420 281/659/561 606/318/559
f 606/318/559 281/659/561 78/107/562 282/660/563
f 283/662/560 606/318/559 282/660/563 24/38/564
f 78/107/562 281/659/561 607/319/565 284/663/566
f 281/659/561 76/105/420 203/563/417 607/319/565
f 607/319/565 203/563/417 74/102/416 278/655/550
f 284/663/566 607/319/565 278/655/550 23/36/554
f 68/94/431 208/568/430 608/320/567 267/639/532
f 208/568/430 79/109/429 285/665/568 608/320/567
f 608/320/567 285/665/568 80/110/569 286/666/570
f 267/639/532 608/320/567 286/666/570 20/30/533
f 80/110/569 285/665/568 609/321/571 289/671/572
f 285/665/568 79/109/429 287/668/573 609/321/571
f 609/321/571 287/668/573 81/112/574 288/669/575
f 289/671/572 609/321/571 288/669/575 25/40/576
f 81/112/574 287/668/573 610/322/577 290/673/578
f 287/668/573 79/109/429 207/567/426 610/322/577
f 610/322/577 207/567/426 77/106/425 283/662/560
f 290/673/578 610/322/577 283/662/560 24/38/564
f 30/48/290 470/504/293 611/323/579 292/676/580
f 470/504/293 1/2/298 291/675/581 611/323/579
f 611/323/579 291/675/581 82/114/5 323/355/2
f 292/676/580 611/323/579 323/355/2 83/115/1
f 1/2/298 469/502/297 612/324/582 291/675/581
f 469/502/297 27/44/296 293/677/583 612/324/582
f 612/324/582 293/677/583 84/116/7 324/356/6
f 291/675/581 612/324/582 324/356/6 82/114/5
f 2/4/307 473/508/306 613/325/584 295/679/585
f 473/508/306 32/51/305 294/678/586 613/325/584
f 613/325/584 294/678/586 88/120/16 328/360/15
f 295/679/585 613/325/584 328/360/15 86/118/14
f 3/6/316 477/513/315 614/326/587 297/681/588
f 477/513/315 36/56/314 296/680/589 614/326/587
f 614/326/587 296/680/589 92/124/25 332/364/24
f 297/681/588 614/326/587 332/364/24 90/122/23
f 4/8/325 481/518/324 615/327/590 299/683/591
f 481/518/324 40/61/323 298/682/592 615/327/590
f 615/327/590 298/682/592 96/128/34 336/368/33
f 299/683/591 615/327/590 336/368/33 94/126/32
f 46/69/326 166/524/329 616/328/593 301/685/594
f 166/524/329 6/12/334 300/684/595 616/328/593
f 616/328/593 300/684/595 98/130/41 339/371/38
f 301/685/594 616/328/593 339/371/38 99/131/37
f 59/84/362 182/541/365 617/329/596 303/687/597
f 182/541/365 11/19/370 302/686/598 617/329/596
f 617/329/596 302/686/598 114/146/77 355/387/74
f 303/687/597 617/329/596 355/387/74 115/147/73
f 72/100/398 198/558/401 618/330/599 305/689/600
f 198/558/401 16/26/406 304/688/601 618/330/599
f 618/330/599 304/688/601 130/162/113 371/403/110
f 305/689/600 618/330/599 371/403/110 131/163/109
f 27/44/296 212/573/435 619/331/602 293/677/583
f 212/573/435 2/4/307 295/679/585 619/331/602
f 619/331/602 295/679/585 86/118/14 387/419/145
f 293/677/583 619/331/602 387/419/145 84/116/7
f 6/12/334 216/578/442 620/332/603 300/684/595
f 216/578/442 30/48/290 292/676/580 620/332/603
f 620/332/603 292/676/580 83/115/1 392/424/153
f 300/684/595 620/332/603 392/424/153 98/130/41
f 32/51/305 218/581/444 621/333/604 294/678/586
f 218/581/444 3/6/316 297/681/588 621/333/604
f 621/333/604 297/681/588 90/122/23 393/425/154
f 294/678/586 621/333/604 393/425/154 88/120/16
f 36/56/314 223/587/452 622/334/605 296/680/589
f 223/587/452 4/8/325 299/683/591 622/334/605
f 622/334/605 299/683/591 94/126/32 398/430/162
f 296/680/589 622/334/605 398/430/162 92/124/25
f 40/61/323 229/595/460 623/335/606 298/682/592
f 229/595/460 5/10/464 306/690/607 623/335/606
f 623/335/606 306/690/607 146/178/172 403/435/170
f 298/682/592 623/335/606 403/435/170 96/128/34
f 5/10/464 228/593/463 624/336/608 306/690/607
f 228/593/463 41/63/462 307/691/609 624/336/608
f 624/336/608 307/691/609 147/179/174 404/436/173
f 306/690/607 624/336/608 404/436/173 146/178/172
f 41/63/462 232/599/466 625/337/610 307/691/609
f 232/599/466 10/17/469 308/692/611 625/337/610
f 625/337/610 308/692/611 148/180/178 406/438/176
f 307/691/609 625/337/610 406/438/176 147/179/174
f 11/19/370 237/605/478 626/338/612 302/686/598
f 237/605/478 46/69/326 301/685/594 626/338/612
f 626/338/612 301/685/594 99/131/37 413/445/189
f 302/686/598 626/338/612 413/445/189 114/146/77
f 10/17/469 247/616/496 627/339/613 308/692/611
f 247/616/496 54/78/495 309/693/614 627/339/613
f 627/339/613 309/693/614 149/181/206 422/454/205
f 308/692/611 627/339/613 422/454/205 148/180/178
f 54/78/495 250/620/498 628/340/615 309/693/614
f 250/620/498 15/24/501 310/694/616 628/340/615
f 628/340/615 310/694/616 150/182/210 424/456/208
f 309/693/614 628/340/615 424/456/208 149/181/206
f 16/26/406 255/626/510 629/341/617 304/688/601
f 255/626/510 59/84/362 303/687/597 629/341/617
f 629/341/617 303/687/597 115/147/73 431/463/221
f 304/688/601 629/341/617 431/463/221 130/162/113
f 15/24/501 265/637/528 630/342/618 310/694/616
f 265/637/528 67/93/527 311/695/619 630/342/618
f 630/342/618 311/695/619 151/183/238 440/472/237
f 310/694/616 630/342/618 440/472/237 150/182/210
f 67/93/527 268/641/530 631/343/620 311/695/619
f 268/641/530 20/31/533 312/696/621 631/343/620
f 631/343/620 312/696/621 152/184/242 442/474/240
f 311/695/619 631/343/620 442/474/240 151/183/238
f 22/35/542 271/645/541 632/344/622 314/698/623
f 271/645/541 71/98/540 313/697/624 632/344/622
f 632/344/622 313/697/624 154/186/252 447/479/251
f 314/698/623 632/344/622 447/479/251 153/185/250
f 71/98/540 274/650/544 633/345/625 313/697/624
f 274/650/544 21/33/546 315/699/626 633/345/625
f 633/345/625 315/699/626 155/187/256 449/481/254
f 313/697/624 633/345/625 449/481/254 154/186/252
f 21/33/546 273/648/545 634/346/627 315/699/626
f 273/648/545 72/100/398 305/689/600 634/346/627
f 634/346/627 305/689/600 131/163/109 450/482/257
f 315/699/626 634/346/627 450/482/257 155/187/256
f 23/37/554 277/654/553 635/347/628 317/701/629
f 277/654/553 75/104/552 316/700/630 635/347/628
f 635/347/628 316/700/630 157/189/264 453/485/263
f 317/701/629 635/347/628 453/485/263 156/188/262
f 75/104/552 279/657/556 636/348/631 316/700/630
f 279/657/556 22/35/542 314/698/623 636/348/631
f 636/348/631 314/698/623 153/185/250 455/487/266
f 316/700/630 636/348/631 455/487/266 157/189/264
f 24/39/564 282/661/563 637/349/632 319/703/633
f 282/661/563 78/108/562 318/702/634 637/349/632
f 637/349/632 318/702/634 159/191/274 458/490/273
f 319/703/633 637/349/632 458/490/273 158/190/272
f 78/108/562 284/664/566 638/350/635 318/702/634
f 284/664/566 23/37/554 317/701/629 638/350/635
f 638/350/635 317/701/629 156/188/262 460/492/276
f 318/702/634 638/350/635 460/492/276 159/191/274
f 20/31/533 286/667/570 639/351/636 312/696/621
f 286/667/570 80/111/569 320/704/637 639/351/636
f 639/351/636 320/704/637 160/192/280 461/493/279
f 312/696/621 639/351/636 461/493/279 152/184/242
f 80/111/569 289/672/572 640/352/638 320/704/637
f 289/672/572 25/41/576 321/705/639 640/352/638
f 640/352/638 321/705/639 161/193/284 463/495/282
f 320/704/637 640/352/638 463/495/282 160/192/280
f 25/41/576 288/670/575 641/353/640 321/705/639
f 288/670/575 81/113/574 322/706/641 641/353/640
f 641/353/640 322/706/641 162/194/286 464/496/285
f 321/705/639 641/353/640 464/496/285 161/193/284
f 81/113/574 290/674/578 642/354/642 322/706/641
f 290/674/578 24/39/564 319/703/633 642/354/642
f 642/354/642 319/703/633 158/190/272 466/498/288
f 322/706/641 642/354/642 466/498/288 162/194/286
